8.76326e-08
3.19415e-08
-2.29826e-08
0.00368758
0.010886
0.0214271
0.0350381
0.051458
0.0704371
0.0917395
0.118853
0.151499
0.188943
0.230737
0.276362
0.325155
0.37676
0.43066
0.486214
0.543162
0.601099
0.659821
0.718826
0.777541
0.835714
0.893118
0.949564
1.00499
1.05916
1.11194
1.16322
1.21292
1.26095
1.30733
1.352
1.39483
1.43586
1.475
1.51228
1.54769
1.58122
1.61287
1.6426
1.67047
1.69648
1.72067
1.74304
1.76364
1.78249
1.79963
1.81508
1.82889
1.8411
1.85174
1.86086
1.8685
1.87468
1.87946
1.88287
1.88497
1.8858
1.88542
1.88387
1.8812
1.87747
1.87269
1.86694
1.86024
1.85264
1.84417
1.83488
1.82481
1.814
1.80249
1.79032
1.77752
1.76413
1.75019
1.73573
1.72079
1.70538
1.68956
1.67334
1.65676
1.63984
1.62261
1.6051
1.58733
1.56934
1.55113
1.53274
1.51418
1.49548
1.47665
1.45772
1.4387
1.41961
1.40047
1.3813
1.3621
1.3429
1.3237
1.30453
1.28539
1.2663
1.24727
1.22831
1.20942
1.19062
1.17193
1.15334
1.13487
1.11652
1.09831
1.08024
1.06231
1.04452
1.02689
1.00942
0.992114
0.974978
0.958013
0.941229
0.924627
0.908208
0.891974
0.875927
0.86007
0.844405
0.828937
0.813668
0.798595
0.783719
0.769042
0.754567
0.740294
0.726221
0.712351
0.698684
0.685215
0.671949
0.658883
0.646018
0.633353
0.620883
0.608608
0.596529
0.584642
0.57295
0.561447
0.550135
0.539013
0.528077
0.517326
0.506761
0.496378
0.486174
0.476149
0.466299
0.456622
0.447114
0.437774
0.428601
0.419595
0.410752
0.402072
0.393554
0.385197
0.376997
0.368954
0.361064
0.353326
0.345736
0.338292
0.330993
0.323836
0.316819
0.309939
0.303195
0.296584
0.290106
0.283756
0.277535
0.271437
0.265463
0.259608
0.253873
0.248255
0.242751
0.23736
0.23208
0.226908
0.221842
0.216882
0.212026
0.207271
0.202617
0.19806
0.193599
0.189234
0.184961
0.18078
0.176687
0.172683
0.168764
0.164929
0.161175
0.157502
0.153907
0.150389
0.146947
0.14358
0.140287
0.137064
0.133912
0.130827
0.127811
0.12486
0.121974
0.119151
0.11639
0.113691
0.111051
0.10847
0.105947
0.10348
0.101068
0.0987102
0.0964049
0.0941512
0.0919481
0.0897945
0.0876894
0.0856312
0.0836194
0.0816531
0.0797313
0.0778525
0.0760163
0.0742219
0.0724682
0.0707545
0.0690794
0.0674422
0.0658424
0.0642791
0.0627517
0.0612589
0.0598005
0.0583757
0.0569835
0.0556231
0.0542942
0.052996
0.0517279
0.0504894
0.0492796
0.0480978
0.046943
0.0458152
0.0447138
0.043638
0.0425872
0.0415609
0.0405589
0.0395803
0.0386246
0.037691
0.0367797
0.0358898
0.035021
0.034173
0.0333452
0.0325372
0.0317483
0.0309783
0.0302267
0.0294929
0.0287765
0.0280773
0.0273949
0.0267287
0.0260785
0.025444
0.0248247
0.0242203
0.0236304
0.0230545
0.0224925
0.0219441
0.0214089
0.0208865
0.0203768
0.0198793
0.0193938
0.0189198
0.0184573
0.0180059
0.0175655
0.0171356
0.016716
0.0163066
0.0159071
0.0155172
0.0151368
0.0147656
0.0144033
0.0140499
0.0137051
0.0133687
0.0130406
0.0127204
0.0124081
0.0121033
0.0118058
0.0115155
0.0112322
0.0109558
0.010686
0.0104227
0.0101658
0.00991516
0.00967063
0.009432
0.00919913
0.0089719
0.00875016
0.00853379
0.00832267
0.00811666
0.00791572
0.00771966
0.00752842
0.00734184
0.00715986
0.00698237
0.0068092
0.00664032
0.00647556
0.00631482
0.00615807
0.00600515
0.00585599
0.00571048
0.00556854
0.0054301
0.00529506
0.00516335
0.00503488
0.0049096
0.0047874
0.00466827
0.00455213
0.00443886
0.00432841
0.00422072
0.00411575
0.00401338
0.00391356
0.00381622
0.0037213
0.00362875
0.00353853
0.00345058
0.00336486
0.00328129
0.00319982
0.00312037
0.00304291
0.00296738
0.00289376
0.00282197
0.00275201
0.0026838
0.00261731
0.00255248
0.00248926
0.00242765
0.00236759
0.00230903
0.00225196
0.00219632
0.00214209
0.00208922
0.00203768
0.00198742
0.00193842
0.00189066
0.0018441
0.00179871
0.00175446
0.00171133
0.00166926
0.00162822
0.00158822
0.00154921
0.00151118
0.00147411
0.00143796
0.00140271
0.00136833
0.0013348
0.0013021
0.00127022
0.00123912
0.00120879
0.00117921
0.00115036
0.00112222
0.00109477
0.00106798
0.00104184
0.00101634
0.000991473
0.000967215
0.000943552
0.000920463
0.000897938
0.000875957
0.000854508
0.00083358
0.00081316
0.000793234
0.000773791
0.000754817
0.000736299
0.000718222
0.000700572
0.000683344
0.000666526
0.000650109
0.00063408
0.000618428
0.000603144
0.00058822
0.000573647
0.000559417
0.000545518
0.000531942
0.000518683
0.000505731
0.000493078
0.000480717
0.000468639
0.000456838
0.000445308
0.000434038
0.000423021
0.000412254
0.000401729
0.00039144
0.000381378
0.000371538
0.000361912
0.000352555
0.000343454
0.0003346
0.000325978
0.00031758
0.00030939
0.000301405
0.000293622
0.000286038
0.00027865
0.000271457
0.000264455
0.000257579
0.000250833
0.000244218
0.000237737
0.000231393
0.000225187
0.000219124
0.000213203
0.000207425
0.000201791
0.000196301
0.000190956
0.000185752
0.00018069
0.000175767
0.00017098
0.000166327
0.000161808
0.000157418
0.000153155
0.000149016
0.000144998
0.000141099
0.000137315
0.000133643
0.000130081
0.000126625
0.000123272
0.000120018
0.000116861
0.000113796
0.00011082
0.00010793
0.000105124
0.000102399
9.97501e-05
9.71761e-05
9.46743e-05
9.22431e-05
8.98801e-05
8.75827e-05
8.53495e-05
8.31764e-05
8.10609e-05
7.90009e-05
7.69954e-05
7.50416e-05
7.31382e-05
7.12832e-05
6.9474e-05
6.77089e-05
6.59865e-05
6.43055e-05
6.26644e-05
6.10614e-05
5.94958e-05
5.79664e-05
5.64713e-05
5.50093e-05
5.35794e-05
5.21805e-05
5.08118e-05
4.94721e-05
4.81612e-05
4.68778e-05
4.56206e-05
4.43895e-05
4.31832e-05
4.20013e-05
4.08433e-05
3.9708e-05
3.85945e-05
3.75021e-05
3.64307e-05
3.53799e-05
3.43488e-05
3.33373e-05
3.23448e-05
3.13709e-05
3.04146e-05
2.94758e-05
2.85538e-05
2.76483e-05
2.67589e-05
2.58851e-05
2.5027e-05
2.41842e-05
2.33564e-05
2.25428e-05
2.17429e-05
2.09565e-05
2.01835e-05
1.94238e-05
1.86769e-05
1.79426e-05
1.72213e-05
1.65125e-05
1.5816e-05
1.51315e-05
1.44583e-05
1.37968e-05
1.31466e-05
1.25075e-05
1.1879e-05
1.12612e-05
1.06541e-05
1.00571e-05
9.47043e-06
8.89401e-06
8.32763e-06
7.77099e-06
7.22392e-06
6.68637e-06
6.15851e-06
5.63976e-06
5.12975e-06
4.62848e-06
4.136e-06
3.65243e-06
3.17729e-06
2.71055e-06
2.25262e-06
1.80293e-06
1.36111e-06
9.27072e-07
5.00923e-07
8.28888e-08
-3.2735e-07
-7.30165e-07
-1.12568e-06
-1.51353e-06
-1.8939e-06
-2.26709e-06
-2.63333e-06
-2.99284e-06
-3.34528e-06
-3.6911e-06
-4.03048e-06
-4.36304e-06
-4.68934e-06
-5.00904e-06
-5.32216e-06
-5.62937e-06
-5.93057e-06
-6.2258e-06
-6.51504e-06
-6.79798e-06
-7.07531e-06
-7.34709e-06
-7.61325e-06
-7.87349e-06
-8.12848e-06
-8.37846e-06
-8.62311e-06
-8.86249e-06
-9.09705e-06
-9.32677e-06
-9.55172e-06
-9.7716e-06
-9.98671e-06
-1.0197e-05
-1.04025e-05
-1.06041e-05
-1.08016e-05
-1.0995e-05
-1.11841e-05
-1.1369e-05
-1.15498e-05
-1.17267e-05
-1.18997e-05
-1.20691e-05
-1.22345e-05
-1.2396e-05
-1.25541e-05
-1.27088e-05
-1.286e-05
-1.30073e-05
-1.31506e-05
-1.32902e-05
-1.34264e-05
-1.35588e-05
-1.3688e-05
-1.3814e-05
-1.39372e-05
-1.40576e-05
-1.41754e-05
-1.42907e-05
-1.44034e-05
-1.45131e-05
-1.46196e-05
-1.47231e-05
-1.4824e-05
-1.49225e-05
-1.50182e-05
-1.51119e-05
-1.52036e-05
-1.52931e-05
-1.53802e-05
-1.54649e-05
-1.55473e-05
-1.56277e-05
-1.57058e-05
-1.57821e-05
-1.58564e-05
-1.59286e-05
-1.59987e-05
-1.60666e-05
-1.61323e-05
-1.61965e-05
-1.6259e-05
-1.63197e-05
-1.63783e-05
-1.64354e-05
-1.6491e-05
-1.65448e-05
-1.65967e-05
-1.66465e-05
-1.6694e-05
-1.67402e-05
-1.67854e-05
-1.68295e-05
-1.68721e-05
-1.69131e-05
-1.69525e-05
-1.6991e-05
-1.70286e-05
-1.70648e-05
-1.70996e-05
-1.7133e-05
-1.71655e-05
-1.71973e-05
-1.72278e-05
-1.72571e-05
-1.7285e-05
-1.73117e-05
-1.73377e-05
-1.73625e-05
-1.73862e-05
-1.74091e-05
-1.74308e-05
-1.74517e-05
-1.74718e-05
-1.74909e-05
-1.75095e-05
-1.75272e-05
-1.75441e-05
-1.756e-05
-1.75751e-05
-1.75896e-05
-1.76032e-05
-1.76164e-05
-1.76292e-05
-1.76414e-05
-1.76531e-05
-1.7664e-05
-1.76739e-05
-1.76833e-05
-1.76918e-05
-1.76999e-05
-1.77074e-05
-1.77146e-05
-1.7721e-05
-1.77267e-05
-1.7732e-05
-1.77368e-05
-1.77414e-05
-1.77451e-05
-1.7748e-05
-1.77498e-05
-1.77512e-05
-1.77525e-05
-1.7753e-05
-1.77529e-05
-1.77522e-05
-1.77512e-05
-1.77499e-05
-1.77475e-05
-1.77446e-05
-1.77411e-05
-1.77369e-05
-1.77324e-05
-1.77274e-05
-1.77218e-05
-1.77155e-05
-1.77089e-05
-1.77021e-05
-1.7695e-05
-1.76871e-05
-1.76787e-05
-1.76696e-05
-1.76603e-05
-1.76503e-05
-1.76398e-05
-1.7629e-05
-1.76177e-05
-1.76057e-05
-1.7593e-05
-1.75804e-05
-1.75673e-05
-1.75538e-05
-1.75394e-05
-1.75247e-05
-1.75099e-05
-1.74947e-05
-1.74791e-05
-1.74632e-05
-1.74468e-05
-1.74301e-05
-1.74129e-05
-1.73953e-05
-1.73776e-05
-1.73597e-05
-1.73413e-05
-1.73225e-05
-1.73032e-05
-1.72838e-05
-1.72643e-05
-1.72449e-05
-1.72253e-05
-1.72053e-05
-1.71846e-05
-1.71635e-05
-1.7142e-05
-1.71203e-05
-1.70984e-05
-1.70762e-05
-1.70539e-05
-1.7031e-05
-1.70076e-05
-1.69837e-05
-1.69589e-05
-1.69343e-05
-1.69097e-05
-1.68852e-05
-1.6861e-05
-1.68364e-05
-1.68115e-05
-1.67864e-05
-1.67607e-05
-1.67347e-05
-1.67083e-05
-1.66815e-05
-1.66546e-05
-1.66273e-05
-1.66e-05
-1.65729e-05
-1.65459e-05
-1.65188e-05
-1.64914e-05
-1.64631e-05
-1.64345e-05
-1.64053e-05
-1.63759e-05
-1.63463e-05
-1.63166e-05
-1.62868e-05
-1.62566e-05
-1.62261e-05
-1.61956e-05
-1.61649e-05
-1.6134e-05
-1.6103e-05
-1.60721e-05
-1.60411e-05
-1.60096e-05
-1.59774e-05
-1.59445e-05
-1.5911e-05
-1.5877e-05
-1.58427e-05
-1.58079e-05
-1.57728e-05
-1.57374e-05
-1.57018e-05
-1.56657e-05
-1.56291e-05
-1.55921e-05
-1.55544e-05
-1.55163e-05
-1.54778e-05
-1.54391e-05
-1.53999e-05
-1.53604e-05
-1.53203e-05
-1.52799e-05
-1.52391e-05
-1.51976e-05
-1.51555e-05
-1.51128e-05
-1.50697e-05
-1.50261e-05
-1.4982e-05
-1.49377e-05
-1.48935e-05
-1.48492e-05
-1.48048e-05
-1.47601e-05
-1.4715e-05
-1.46694e-05
-1.46231e-05
-1.4576e-05
-1.4528e-05
-1.44788e-05
-1.44283e-05
-1.43765e-05
-1.43235e-05
-1.42692e-05
-1.42139e-05
-1.4157e-05
-1.40983e-05
-1.40375e-05
-1.39742e-05
-1.39081e-05
-1.38388e-05
-1.37661e-05
-1.36901e-05
-1.36106e-05
-1.35272e-05
-1.34397e-05
-1.33479e-05
-1.32521e-05
-1.31522e-05
-1.30483e-05
-1.294e-05
-1.28276e-05
-1.27114e-05
-1.25913e-05
-1.24671e-05
-1.23389e-05
-1.22069e-05
-1.20708e-05
-1.19308e-05
-1.17873e-05
-1.16401e-05
-1.14895e-05
-1.13354e-05
-1.11782e-05
-1.10178e-05
-1.08542e-05
-1.06876e-05
-1.05178e-05
-1.03446e-05
-1.01684e-05
-9.98887e-06
-9.80645e-06
-9.62104e-06
-9.43304e-06
-9.24255e-06
-9.04927e-06
-8.8534e-06
-8.65536e-06
-8.45482e-06
-8.25194e-06
-8.04707e-06
-7.84006e-06
-7.63065e-06
-7.41859e-06
-7.20435e-06
-6.98841e-06
-6.77023e-06
-6.55026e-06
-6.32799e-06
-6.10351e-06
-5.87729e-06
-5.64917e-06
-5.41936e-06
-5.18804e-06
-4.95518e-06
-4.72012e-06
-4.48338e-06
-4.24489e-06
-4.00518e-06
-3.76341e-06
-3.51949e-06
-3.27392e-06
-3.02614e-06
-2.7767e-06
-2.52553e-06
-2.27281e-06
-2.01905e-06
-1.76368e-06
-1.50657e-06
-1.24821e-06
-9.88851e-07
-7.28366e-07
-4.67035e-07
-2.04654e-07
5.867e-08
3.231e-07
5.89278e-07
8.56357e-07
1.12437e-06
1.3937e-06
1.66415e-06
1.93602e-06
2.20908e-06
2.48283e-06
2.75686e-06
3.03184e-06
3.30776e-06
3.58416e-06
3.86152e-06
4.13937e-06
4.4179e-06
4.69703e-06
4.97631e-06
5.25629e-06
5.5367e-06
5.81715e-06
6.09818e-06
6.37956e-06
6.66112e-06
6.94257e-06
7.22346e-06
7.50459e-06
7.78521e-06
8.06574e-06
8.34544e-06
8.6241e-06
8.90243e-06
9.18003e-06
9.45671e-06
9.73351e-06
1.00097e-05
1.02858e-05
1.05611e-05
1.08358e-05
1.11092e-05
1.13819e-05
1.16537e-05
1.19239e-05
1.21934e-05
1.2462e-05
1.27299e-05
1.2997e-05
1.32631e-05
1.35276e-05
1.37903e-05
1.40519e-05
1.43121e-05
1.45704e-05
1.48274e-05
1.50824e-05
1.5336e-05
1.55883e-05
1.58386e-05
1.60865e-05
1.63317e-05
1.65751e-05
1.68168e-05
1.7057e-05
1.72949e-05
1.75306e-05
1.77638e-05
1.7995e-05
1.82244e-05
1.84519e-05
1.86772e-05
1.89005e-05
1.91216e-05
1.93401e-05
1.95553e-05
1.97681e-05
1.99784e-05
2.01864e-05
2.0392e-05
2.05945e-05
2.07932e-05
2.09888e-05
2.11814e-05
2.1371e-05
2.15574e-05
2.17407e-05
2.19211e-05
2.20985e-05
2.22729e-05
2.24442e-05
2.26127e-05
2.27781e-05
2.29406e-05
2.31e-05
2.32565e-05
2.34099e-05
2.35601e-05
2.37073e-05
2.38518e-05
2.3994e-05
2.41335e-05
2.42696e-05
2.44023e-05
2.45319e-05
2.4658e-05
2.47808e-05
2.49006e-05
2.50174e-05
2.51312e-05
2.52422e-05
2.53506e-05
2.54559e-05
2.55576e-05
2.56556e-05
2.57498e-05
2.58403e-05
2.59273e-05
2.60109e-05
2.60909e-05
2.61674e-05
2.62402e-05
2.63098e-05
2.63759e-05
2.64383e-05
2.64978e-05
2.65543e-05
2.66077e-05
2.66577e-05
2.67041e-05
2.67472e-05
2.67868e-05
2.68234e-05
2.6857e-05
2.68873e-05
2.69141e-05
2.69379e-05
2.69588e-05
2.69763e-05
2.69901e-05
2.70006e-05
2.70077e-05
2.70115e-05
2.70121e-05
2.70098e-05
2.70045e-05
2.69959e-05
2.69836e-05
2.6968e-05
2.6949e-05
2.69269e-05
2.69016e-05
2.6873e-05
2.68415e-05
2.68073e-05
2.67699e-05
2.67299e-05
2.6687e-05
2.66409e-05
2.65923e-05
2.65408e-05
2.64865e-05
2.64293e-05
2.63694e-05
2.63071e-05
2.6242e-05
2.61744e-05
2.61041e-05
2.60311e-05
2.59544e-05
2.58733e-05
2.57872e-05
2.56954e-05
2.55972e-05
2.54924e-05
2.53805e-05
2.52618e-05
2.51365e-05
2.50048e-05
2.48667e-05
2.47223e-05
2.45718e-05
2.44159e-05
2.42544e-05
2.40881e-05
2.39169e-05
2.37412e-05
2.3561e-05
2.33766e-05
2.31887e-05
2.2997e-05
2.28018e-05
2.26035e-05
2.24021e-05
2.2198e-05
2.19912e-05
2.17823e-05
2.15712e-05
2.13576e-05
2.1142e-05
2.09244e-05
2.07052e-05
2.04845e-05
2.02624e-05
2.00388e-05
1.98135e-05
1.95867e-05
1.93586e-05
1.91292e-05
1.88987e-05
1.86669e-05
1.8434e-05
1.81999e-05
1.79648e-05
1.77284e-05
1.74911e-05
1.72529e-05
1.7014e-05
1.67746e-05
1.65344e-05
1.62934e-05
1.60512e-05
1.58084e-05
1.55649e-05
1.53203e-05
1.50746e-05
1.48279e-05
1.45803e-05
1.43316e-05
1.40821e-05
1.3832e-05
1.35808e-05
1.33292e-05
1.30767e-05
1.28234e-05
1.25695e-05
1.23146e-05
1.20587e-05
1.18019e-05
1.15441e-05
1.12856e-05
1.10261e-05
1.0766e-05
1.05056e-05
1.02445e-05
9.98284e-06
9.72026e-06
9.45706e-06
9.1934e-06
8.92981e-06
8.66589e-06
8.40117e-06
8.13617e-06
7.8704e-06
7.6044e-06
7.3378e-06
7.07076e-06
6.80286e-06
6.53414e-06
6.26481e-06
5.99538e-06
5.72563e-06
5.45553e-06
5.18515e-06
4.91474e-06
4.64427e-06
4.37419e-06
4.10456e-06
3.83506e-06
3.56568e-06
3.29622e-06
3.02681e-06
2.75789e-06
2.48888e-06
2.22028e-06
1.95279e-06
1.6857e-06
1.41892e-06
1.15224e-06
8.85981e-07
6.20546e-07
3.56121e-07
9.2558e-08
-1.70009e-07
-4.3164e-07
-6.92252e-07
-9.51787e-07
-1.21051e-06
-1.4683e-06
-1.72554e-06
-1.98185e-06
-2.23749e-06
-2.49235e-06
-2.74624e-06
-2.99904e-06
-3.25083e-06
-3.50124e-06
-3.75055e-06
-3.99869e-06
-4.24504e-06
-4.48996e-06
-4.73353e-06
-4.97551e-06
-5.21596e-06
-5.455e-06
-5.69236e-06
-5.92775e-06
-6.16061e-06
-6.39152e-06
-6.62026e-06
-6.84732e-06
-7.07212e-06
-7.29437e-06
-7.51473e-06
-7.73268e-06
-7.94836e-06
-8.16166e-06
-8.37241e-06
-8.58071e-06
-8.7864e-06
-8.98977e-06
-9.19112e-06
-9.39001e-06
-9.58625e-06
-9.78044e-06
-9.97206e-06
-1.01613e-05
-1.03477e-05
-1.05313e-05
-1.07122e-05
-1.08899e-05
-1.10646e-05
-1.12367e-05
-1.14057e-05
-1.15718e-05
-1.17352e-05
-1.18956e-05
-1.20532e-05
-1.22079e-05
-1.23597e-05
-1.25085e-05
-1.26545e-05
-1.27978e-05
-1.29381e-05
-1.30756e-05
-1.32103e-05
-1.33421e-05
-1.3471e-05
-1.35971e-05
-1.37204e-05
-1.38409e-05
-1.3959e-05
-1.40741e-05
-1.41861e-05
-1.42951e-05
-1.44008e-05
-1.45031e-05
-1.46024e-05
-1.46988e-05
-1.47927e-05
-1.48835e-05
-1.49714e-05
-1.50561e-05
-1.51372e-05
-1.52152e-05
-1.52901e-05
-1.5362e-05
-1.54308e-05
-1.54962e-05
-1.55589e-05
-1.56184e-05
-1.56746e-05
-1.57276e-05
-1.57771e-05
-1.58236e-05
-1.58671e-05
-1.59074e-05
-1.59444e-05
-1.59781e-05
-1.60084e-05
-1.60354e-05
-1.60594e-05
-1.60804e-05
-1.60985e-05
-1.61136e-05
-1.61258e-05
-1.61349e-05
-1.61407e-05
-1.61432e-05
-1.61426e-05
-1.61389e-05
-1.61324e-05
-1.6123e-05
-1.61107e-05
-1.60956e-05
-1.60779e-05
-1.60574e-05
-1.60344e-05
-1.60089e-05
-1.59806e-05
-1.59493e-05
-1.5915e-05
-1.58777e-05
-1.58374e-05
-1.57942e-05
-1.57481e-05
-1.56993e-05
-1.56477e-05
-1.55934e-05
-1.55365e-05
-1.5477e-05
-1.54151e-05
-1.53507e-05
-1.52838e-05
-1.52143e-05
-1.51427e-05
-1.50692e-05
-1.49938e-05
-1.49165e-05
-1.48373e-05
-1.47561e-05
-1.46729e-05
-1.45874e-05
-1.44997e-05
-1.44097e-05
-1.43175e-05
-1.42232e-05
-1.4127e-05
-1.40292e-05
-1.39295e-05
-1.38281e-05
-1.37246e-05
-1.36192e-05
-1.35123e-05
-1.34037e-05
-1.32935e-05
-1.31817e-05
-1.30686e-05
-1.29542e-05
-1.28381e-05
-1.27207e-05
-1.26021e-05
-1.24819e-05
-1.23602e-05
-1.22372e-05
-1.21129e-05
-1.19872e-05
-1.18602e-05
-1.17319e-05
-1.16026e-05
-1.14722e-05
-1.13411e-05
-1.1209e-05
-1.1076e-05
-1.09418e-05
-1.08066e-05
-1.06705e-05
-1.05336e-05
-1.03958e-05
-1.02574e-05
-1.01183e-05
-9.9786e-06
-9.8382e-06
-9.6972e-06
-9.55556e-06
-9.41342e-06
-9.27076e-06
-9.12793e-06
-8.9846e-06
-8.8407e-06
-8.69657e-06
-8.55221e-06
-8.40743e-06
-8.26232e-06
-8.11711e-06
-7.97163e-06
-7.82606e-06
-7.68019e-06
-7.5344e-06
-7.38853e-06
-7.24261e-06
-7.09682e-06
-6.95103e-06
-6.80516e-06
-6.65938e-06
-6.51375e-06
-6.36805e-06
-6.22247e-06
-6.07721e-06
-5.9321e-06
-5.78719e-06
-5.64271e-06
-5.49871e-06
-5.35525e-06
-5.21194e-06
-5.06881e-06
-4.92597e-06
-4.78352e-06
-4.64169e-06
-4.5007e-06
-4.36014e-06
-4.21993e-06
-4.08003e-06
-3.94071e-06
-3.80217e-06
-3.66442e-06
-3.52756e-06
-3.39162e-06
-3.25673e-06
-3.12302e-06
-2.99034e-06
-2.85878e-06
-2.72845e-06
-2.59932e-06
-2.47151e-06
-2.34509e-06
-2.2199e-06
-2.09604e-06
-1.97346e-06
-1.85226e-06
-1.73214e-06
-1.61323e-06
-1.49552e-06
-1.37896e-06
-1.26345e-06
-1.14898e-06
-1.03567e-06
-9.23482e-07
-8.1225e-07
-7.02102e-07
-5.92675e-07
-4.84117e-07
-3.76412e-07
-2.69547e-07
-1.63959e-07
-5.95804e-08
4.32733e-08
1.4483e-07
2.45e-07
3.43904e-07
4.41757e-07
5.38176e-07
6.33085e-07
7.26399e-07
8.18101e-07
9.08188e-07
9.96792e-07
1.08362e-06
1.16867e-06
1.25211e-06
1.33395e-06
1.41434e-06
1.49355e-06
1.57126e-06
1.64719e-06
1.72159e-06
1.79444e-06
1.86593e-06
1.93575e-06
2.00407e-06
2.07083e-06
2.13603e-06
2.19934e-06
2.26092e-06
2.32079e-06
2.37918e-06
2.43577e-06
2.49065e-06
2.54397e-06
2.59572e-06
2.64596e-06
2.69449e-06
2.74133e-06
2.78647e-06
2.83004e-06
2.87198e-06
2.91218e-06
2.95071e-06
2.98783e-06
3.02324e-06
3.05707e-06
3.08927e-06
3.11991e-06
3.14881e-06
3.17587e-06
3.20134e-06
3.22529e-06
3.24755e-06
3.2681e-06
3.28702e-06
3.30449e-06
3.32044e-06
3.33459e-06
3.34716e-06
3.35821e-06
3.3675e-06
3.37508e-06
3.38105e-06
3.38552e-06
3.38847e-06
3.38977e-06
3.38966e-06
3.38811e-06
3.38494e-06
3.38013e-06
3.37367e-06
3.36582e-06
3.35672e-06
3.34618e-06
3.33417e-06
3.3208e-06
3.30617e-06
3.29006e-06
3.2723e-06
3.25306e-06
3.23245e-06
3.21072e-06
3.18792e-06
3.16387e-06
3.13871e-06
3.11228e-06
3.08468e-06
3.056e-06
3.0261e-06
2.99514e-06
2.96271e-06
2.92904e-06
2.89428e-06
2.85847e-06
2.82154e-06
2.78318e-06
2.74354e-06
2.70288e-06
2.66119e-06
2.61857e-06
2.57515e-06
2.53058e-06
2.48504e-06
2.43825e-06
2.39042e-06
2.34164e-06
2.29188e-06
2.24131e-06
2.19007e-06
2.13816e-06
2.08565e-06
2.03253e-06
1.97859e-06
1.92396e-06
1.86875e-06
1.81255e-06
1.75534e-06
1.69723e-06
1.63819e-06
1.57828e-06
1.51769e-06
1.45622e-06
1.39402e-06
1.33105e-06
1.26746e-06
1.20338e-06
1.13875e-06
1.07355e-06
1.00771e-06
9.41368e-07
8.74715e-07
8.07896e-07
7.40759e-07
6.73224e-07
6.05133e-07
5.36584e-07
4.67458e-07
3.97892e-07
3.28058e-07
2.58017e-07
1.87551e-07
1.16516e-07
4.53606e-08
-2.58097e-08
-9.70851e-08
-1.68309e-07
-2.39434e-07
-3.10624e-07
-3.81985e-07
-4.53694e-07
-5.25775e-07
-5.98244e-07
-6.70859e-07
-7.43451e-07
-8.16028e-07
-8.88669e-07
-9.6122e-07
-1.03385e-06
-1.10672e-06
-1.17979e-06
-1.25276e-06
-1.32549e-06
-1.39826e-06
-1.47103e-06
-1.5437e-06
-1.61628e-06
-1.68857e-06
-1.76081e-06
-1.83089e-06
-1.8926e-06
-1.93979e-06
-1.96679e-06
-1.96874e-06
-1.9418e-06
-1.88275e-06
-1.78933e-06
-1.65946e-06
-1.49207e-06
-1.28645e-06
-1.04194e-06
-7.62212e-07
-4.51438e-07
-1.13571e-07
2.48342e-07
6.31194e-07
1.0319e-06
1.44797e-06
1.87737e-06
2.3173e-06
2.76607e-06
3.22144e-06
3.68168e-06
4.14499e-06
4.60981e-06
5.07469e-06
5.53852e-06
5.99993e-06
6.45724e-06
6.90881e-06
7.35327e-06
7.7891e-06
8.21554e-06
8.63163e-06
9.03664e-06
9.42979e-06
9.81042e-06
1.01777e-05
1.05308e-05
1.08696e-05
1.11947e-05
1.1506e-05
1.18029e-05
1.2085e-05
1.23529e-05
1.26066e-05
1.28465e-05
1.30718e-05
1.32827e-05
1.348e-05
1.36631e-05
1.38325e-05
1.39885e-05
1.41319e-05
1.42626e-05
1.43812e-05
1.44881e-05
1.45837e-05
1.46678e-05
1.47405e-05
1.48026e-05
1.48542e-05
1.48952e-05
1.49259e-05
1.49476e-05
1.49599e-05
1.49632e-05
1.4957e-05
1.49435e-05
1.49228e-05
1.48946e-05
1.4859e-05
1.48173e-05
1.4769e-05
1.47151e-05
1.46559e-05
1.45916e-05
1.45225e-05
1.44481e-05
1.4369e-05
1.42854e-05
1.41985e-05
1.41079e-05
1.40137e-05
1.39169e-05
1.38175e-05
1.37159e-05
1.36126e-05
1.35069e-05
1.33992e-05
1.329e-05
1.31792e-05
1.30667e-05
1.29538e-05
1.28403e-05
1.27267e-05
1.26123e-05
1.24981e-05
1.23838e-05
1.22693e-05
1.21555e-05
1.20425e-05
1.19306e-05
1.18197e-05
1.17097e-05
1.16005e-05
1.14922e-05
1.13858e-05
1.12807e-05
1.11771e-05
1.10752e-05
1.09755e-05
1.08779e-05
1.07822e-05
1.06889e-05
1.0598e-05
1.05091e-05
1.04226e-05
1.03383e-05
1.02568e-05
1.01782e-05
1.01019e-05
1.00285e-05
9.95823e-06
9.89065e-06
9.82606e-06
9.76436e-06
9.70584e-06
9.65059e-06
9.59837e-06
9.54884e-06
9.50226e-06
9.45878e-06
9.41835e-06
9.38081e-06
9.34598e-06
9.31451e-06
9.28638e-06
9.26106e-06
9.23838e-06
9.21882e-06
9.20237e-06
9.189e-06
9.17854e-06
9.17079e-06
9.16595e-06
9.16397e-06
9.1644e-06
9.16754e-06
9.17354e-06
9.18242e-06
9.194e-06
9.20799e-06
9.22448e-06
9.24372e-06
9.26522e-06
9.28913e-06
9.31531e-06
9.344e-06
9.37477e-06
9.40773e-06
9.44238e-06
9.47897e-06
9.51774e-06
9.55824e-06
9.60041e-06
9.64437e-06
9.68989e-06
9.73714e-06
9.7864e-06
9.83771e-06
9.89066e-06
9.94477e-06
1.00004e-05
1.00577e-05
1.01163e-05
1.01765e-05
1.02378e-05
1.03002e-05
1.03637e-05
1.0428e-05
1.04934e-05
1.05593e-05
1.06264e-05
1.06943e-05
1.07632e-05
1.08325e-05
1.09029e-05
1.0974e-05
1.10457e-05
1.11178e-05
1.11905e-05
1.12639e-05
1.13379e-05
1.1412e-05
1.14859e-05
1.15599e-05
1.16339e-05
1.17085e-05
1.17836e-05
1.18588e-05
1.19342e-05
1.20096e-05
1.20847e-05
1.21596e-05
1.22341e-05
1.23085e-05
1.23831e-05
1.24578e-05
1.25322e-05
1.26064e-05
1.26803e-05
1.27538e-05
1.2827e-05
1.28993e-05
1.29712e-05
1.30427e-05
1.31133e-05
1.3183e-05
1.32521e-05
1.33202e-05
1.33876e-05
1.3454e-05
1.35193e-05
1.35837e-05
1.36469e-05
1.37087e-05
1.37697e-05
1.38301e-05
1.38898e-05
1.39485e-05
1.40063e-05
1.40637e-05
1.41205e-05
1.41768e-05
1.42323e-05
1.42874e-05
1.43418e-05
1.43956e-05
1.44488e-05
1.45014e-05
1.45532e-05
1.46041e-05
1.46539e-05
1.47031e-05
1.47518e-05
1.47999e-05
1.48475e-05
1.48946e-05
1.49412e-05
1.49869e-05
1.50319e-05
1.50764e-05
1.51197e-05
1.51621e-05
1.52031e-05
1.5243e-05
1.52819e-05
1.53202e-05
1.53576e-05
1.53939e-05
1.54297e-05
1.54649e-05
1.54997e-05
1.5534e-05
1.55675e-05
1.56003e-05
1.5632e-05
1.56631e-05
1.5693e-05
1.57219e-05
1.575e-05
1.57776e-05
1.58046e-05
1.58308e-05
1.58565e-05
1.58818e-05
1.59066e-05
1.59306e-05
1.59533e-05
1.59753e-05
1.59961e-05
1.60161e-05
1.60355e-05
1.60545e-05
1.60731e-05
1.60914e-05
1.61092e-05
1.61262e-05
1.61426e-05
1.6158e-05
1.61723e-05
1.61861e-05
1.61996e-05
1.62125e-05
1.62249e-05
1.62366e-05
1.62475e-05
1.62575e-05
1.62663e-05
1.62746e-05
1.62825e-05
1.62901e-05
1.62973e-05
1.63043e-05
1.63108e-05
1.63166e-05
1.6322e-05
1.63265e-05
1.63304e-05
1.63342e-05
1.63375e-05
1.63406e-05
1.63431e-05
1.63458e-05
1.63486e-05
1.63513e-05
1.63536e-05
1.63553e-05
1.63563e-05
1.63568e-05
1.63564e-05
1.63558e-05
1.63552e-05
1.63545e-05
1.63539e-05
1.63529e-05
1.63513e-05
1.63494e-05
1.6347e-05
1.63446e-05
1.63419e-05
1.63392e-05
1.63365e-05
1.63336e-05
1.63308e-05
1.63274e-05
1.63235e-05
1.63188e-05
1.63134e-05
1.63078e-05
1.63019e-05
1.62956e-05
1.62891e-05
1.62826e-05
1.62762e-05
1.62695e-05
1.62619e-05
1.62539e-05
1.62456e-05
1.6237e-05
1.62284e-05
1.62194e-05
1.621e-05
1.62004e-05
1.61905e-05
1.61807e-05
1.61711e-05
1.61616e-05
1.61524e-05
1.61429e-05
1.6133e-05
1.61227e-05
1.61121e-05
1.61009e-05
1.60895e-05
1.60779e-05
1.6066e-05
1.60541e-05
1.60422e-05
1.60302e-05
1.60183e-05
1.60066e-05
1.5995e-05
1.59836e-05
1.59725e-05
1.59609e-05
1.59489e-05
1.59362e-05
1.59228e-05
1.59091e-05
1.5895e-05
1.58807e-05
1.58662e-05
1.58512e-05
1.58361e-05
1.58206e-05
1.58049e-05
1.57888e-05
1.57729e-05
1.57571e-05
1.57412e-05
1.57256e-05
1.57103e-05
1.5695e-05
1.56797e-05
1.56644e-05
1.56493e-05
1.56343e-05
1.56188e-05
1.5603e-05
1.5587e-05
1.55704e-05
1.55532e-05
1.55357e-05
1.55177e-05
1.54995e-05
1.54812e-05
1.54627e-05
1.54438e-05
1.54247e-05
1.54052e-05
1.53858e-05
1.5366e-05
1.53464e-05
1.53271e-05
1.53081e-05
1.52894e-05
1.52709e-05
1.52526e-05
1.52342e-05
1.52157e-05
1.51972e-05
1.51786e-05
1.51599e-05
1.51411e-05
1.51222e-05
1.51035e-05
1.50849e-05
1.50664e-05
1.5048e-05
1.50297e-05
1.50114e-05
1.49932e-05
1.49748e-05
1.49559e-05
1.49372e-05
1.49184e-05
1.48999e-05
1.48815e-05
1.48634e-05
1.48454e-05
1.48273e-05
1.48086e-05
1.47901e-05
1.4772e-05
1.47545e-05
1.47375e-05
1.47208e-05
1.47045e-05
1.46887e-05
1.46731e-05
1.46578e-05
1.46427e-05
1.46277e-05
1.46128e-05
1.45982e-05
1.45836e-05
1.45692e-05
1.45545e-05
1.45399e-05
1.45253e-05
1.45105e-05
1.44955e-05
1.44802e-05
1.44647e-05
1.44492e-05
1.44336e-05
1.44178e-05
1.44019e-05
1.43862e-05
1.4371e-05
1.43565e-05
1.43423e-05
1.43283e-05
1.43144e-05
1.43005e-05
1.42865e-05
1.42726e-05
1.4259e-05
1.42456e-05
1.42323e-05
1.42191e-05
1.4206e-05
1.41927e-05
1.41794e-05
1.41659e-05
1.41523e-05
1.41386e-05
1.41257e-05
1.41132e-05
1.41013e-05
1.40898e-05
1.40785e-05
1.40675e-05
1.40568e-05
1.4046e-05
1.40353e-05
1.40246e-05
1.40135e-05
1.40024e-05
1.39915e-05
1.39812e-05
1.3971e-05
1.39612e-05
1.39514e-05
1.39419e-05
1.39324e-05
1.3923e-05
1.39139e-05
1.39047e-05
1.38954e-05
1.38858e-05
1.38759e-05
1.38662e-05
1.38564e-05
1.38469e-05
1.38379e-05
1.38291e-05
1.38208e-05
1.38124e-05
1.38038e-05
1.37956e-05
1.37876e-05
1.37796e-05
1.37718e-05
1.37641e-05
1.37572e-05
1.37508e-05
1.37446e-05
1.37387e-05
1.37331e-05
1.37276e-05
1.37223e-05
1.37169e-05
1.37116e-05
1.37062e-05
1.37005e-05
1.36949e-05
1.36899e-05
1.36853e-05
1.36812e-05
1.36775e-05
1.36742e-05
1.3671e-05
1.36682e-05
1.36654e-05
1.36623e-05
1.36592e-05
1.36565e-05
1.36542e-05
1.36525e-05
1.36509e-05
1.36497e-05
1.36487e-05
1.36479e-05
1.36471e-05
1.36465e-05
1.36458e-05
1.3645e-05
1.36438e-05
1.36426e-05
1.36417e-05
1.36412e-05
1.36411e-05
1.36414e-05
1.36418e-05
1.36424e-05
1.36431e-05
1.36439e-05
1.36444e-05
1.36445e-05
1.36445e-05
1.36445e-05
1.36449e-05
1.36457e-05
1.36467e-05
1.36477e-05
1.3649e-05
1.36505e-05
1.36521e-05
1.36535e-05
1.36549e-05
1.36562e-05
1.36572e-05
1.36578e-05
1.36578e-05
1.36584e-05
1.36595e-05
1.36611e-05
1.36631e-05
1.36655e-05
1.36682e-05
1.36709e-05
1.36737e-05
1.36763e-05
1.36788e-05
1.36816e-05
1.36849e-05
1.36887e-05
1.36925e-05
1.36966e-05
1.37006e-05
1.37043e-05
1.37079e-05
1.37116e-05
1.37153e-05
1.37191e-05
1.37226e-05
1.37262e-05
1.37296e-05
1.37328e-05
1.37364e-05
1.37406e-05
1.37452e-05
1.37502e-05
1.37553e-05
1.37606e-05
1.37658e-05
1.37705e-05
1.37752e-05
1.37798e-05
1.37844e-05
1.37889e-05
1.37933e-05
1.37983e-05
1.38035e-05
1.38086e-05
1.3814e-05
1.38197e-05
1.38256e-05
1.38316e-05
1.38374e-05
1.38432e-05
1.38489e-05
1.38543e-05
1.38594e-05
1.38644e-05
1.3869e-05
1.38735e-05
1.38779e-05
1.38822e-05
1.38866e-05
1.38913e-05
1.38962e-05
1.39009e-05
1.39057e-05
1.39107e-05
1.39154e-05
1.39203e-05
1.39251e-05
1.39299e-05
1.39347e-05
1.39394e-05
1.3944e-05
1.39484e-05
1.39527e-05
1.39567e-05
1.39611e-05
1.39656e-05
1.39705e-05
1.39755e-05
1.39808e-05
1.39862e-05
1.39916e-05
1.39969e-05
1.40021e-05
1.40068e-05
1.40114e-05
1.40157e-05
1.40199e-05
1.40237e-05
1.40274e-05
1.40308e-05
1.4034e-05
1.40366e-05
1.40396e-05
1.40428e-05
1.40464e-05
1.40502e-05
1.40539e-05
1.40575e-05
1.40611e-05
1.40648e-05
1.40685e-05
1.40721e-05
1.40755e-05
1.40788e-05
1.40815e-05
1.40839e-05
1.4086e-05
1.40876e-05
1.4089e-05
1.40906e-05
1.40928e-05
1.40954e-05
1.40983e-05
1.41017e-05
1.41052e-05
1.41086e-05
1.4112e-05
1.41155e-05
1.4119e-05
1.41224e-05
1.41257e-05
1.41288e-05
1.41315e-05
1.4134e-05
1.41362e-05
1.41376e-05
1.41381e-05
1.41384e-05
1.41384e-05
1.41381e-05
1.41376e-05
1.41375e-05
1.41376e-05
1.41376e-05
1.4138e-05
1.41385e-05
1.4139e-05
1.41397e-05
1.41402e-05
1.41404e-05
1.41405e-05
1.41406e-05
1.41407e-05
1.41406e-05
1.41403e-05
1.41399e-05
1.41389e-05
1.41373e-05
1.41354e-05
1.41335e-05
1.41319e-05
1.41307e-05
1.41294e-05
1.41284e-05
1.41274e-05
1.41262e-05
1.41252e-05
1.41242e-05
1.41233e-05
1.41222e-05
1.41207e-05
1.41192e-05
1.41175e-05
1.41152e-05
1.41129e-05
1.41105e-05
1.41081e-05
1.41055e-05
1.41027e-05
1.41003e-05
1.40982e-05
1.40962e-05
1.40943e-05
1.40926e-05
1.4091e-05
1.40893e-05
1.40873e-05
1.40852e-05
1.40829e-05
1.40799e-05
1.40769e-05
1.40737e-05
1.40705e-05
1.40671e-05
1.40633e-05
1.40594e-05
1.40558e-05
1.40521e-05
1.40486e-05
1.40453e-05
1.4042e-05
1.40387e-05
1.40355e-05
1.4032e-05
1.40282e-05
1.40239e-05
1.40195e-05
1.40149e-05
1.401e-05
1.4005e-05
1.39994e-05
1.39936e-05
1.39882e-05
1.39832e-05
1.39784e-05
1.39739e-05
1.39695e-05
1.39652e-05
1.39606e-05
1.39559e-05
1.3951e-05
1.39458e-05
1.39404e-05
1.39349e-05
1.39291e-05
1.39233e-05
1.39173e-05
1.39113e-05
1.39056e-05
1.38998e-05
1.38939e-05
1.3888e-05
1.38819e-05
1.38758e-05
1.38696e-05
1.38634e-05
1.3857e-05
1.38501e-05
1.3843e-05
1.38357e-05
1.38289e-05
1.38225e-05
1.38162e-05
1.38103e-05
1.38046e-05
1.37988e-05
1.37931e-05
1.37872e-05
1.37812e-05
1.3775e-05
1.37687e-05
1.37624e-05
1.37558e-05
1.37486e-05
1.37418e-05
1.37351e-05
1.37287e-05
1.37225e-05
1.37162e-05
1.371e-05
1.37036e-05
1.36968e-05
1.36899e-05
1.3683e-05
1.36764e-05
1.36702e-05
1.36641e-05
1.36579e-05
1.36515e-05
1.36453e-05
1.36388e-05
1.36318e-05
1.36247e-05
1.36173e-05
1.36101e-05
1.36032e-05
1.35964e-05
1.35896e-05
1.35831e-05
1.35764e-05
1.35694e-05
1.35625e-05
1.35552e-05
1.35478e-05
1.35406e-05
1.35334e-05
1.35265e-05
1.35199e-05
1.35135e-05
1.35071e-05
1.35004e-05
1.34935e-05
1.34866e-05
1.34795e-05
1.34724e-05
1.34657e-05
1.34593e-05
1.34528e-05
1.34463e-05
1.34399e-05
1.34332e-05
1.34264e-05
1.34194e-05
1.34124e-05
1.34059e-05
1.33996e-05
1.33934e-05
1.33873e-05
1.33812e-05
1.33751e-05
1.33685e-05
1.33618e-05
1.33553e-05
1.33487e-05
1.33424e-05
1.33364e-05
1.33302e-05
1.33241e-05
1.33179e-05
1.33114e-05
1.33047e-05
1.32977e-05
1.32906e-05
1.32838e-05
1.32773e-05
1.32711e-05
1.3265e-05
1.32585e-05
1.32521e-05
1.32456e-05
1.32392e-05
1.32332e-05
1.32275e-05
1.32218e-05
1.32162e-05
1.32107e-05
1.32052e-05
1.31996e-05
1.31941e-05
1.31889e-05
1.3184e-05
1.31792e-05
1.31744e-05
1.31695e-05
1.31646e-05
1.31595e-05
1.31544e-05
1.31492e-05
1.31442e-05
1.31394e-05
1.31346e-05
1.31294e-05
1.31242e-05
1.31189e-05
1.31135e-05
1.31086e-05
1.31038e-05
1.30991e-05
1.30945e-05
1.30899e-05
1.30852e-05
1.30802e-05
1.30753e-05
1.30707e-05
1.3066e-05
1.30615e-05
1.30573e-05
1.3053e-05
1.30487e-05
1.30442e-05
1.30396e-05
1.30354e-05
1.30312e-05
1.3027e-05
1.30228e-05
1.30184e-05
1.30139e-05
1.30094e-05
1.30049e-05
1.30001e-05
1.29956e-05
1.29914e-05
1.29872e-05
1.29829e-05
1.29786e-05
1.29745e-05
1.29709e-05
1.29675e-05
1.2964e-05
1.29607e-05
1.29574e-05
1.29538e-05
1.29501e-05
1.29464e-05
1.29429e-05
1.29398e-05
1.29366e-05
1.29335e-05
1.29303e-05
1.29268e-05
1.29233e-05
1.29204e-05
1.29175e-05
1.29146e-05
1.29119e-05
1.29091e-05
1.29061e-05
1.29027e-05
1.28993e-05
1.2896e-05
1.28931e-05
1.28903e-05
1.28874e-05
1.28844e-05
1.28809e-05
1.28774e-05
1.28742e-05
1.2871e-05
1.28681e-05
1.28651e-05
1.28621e-05
1.28593e-05
1.28566e-05
1.28539e-05
1.28513e-05
1.28487e-05
1.28463e-05
1.28439e-05
1.28411e-05
1.28385e-05
1.28358e-05
1.28327e-05
1.28299e-05
1.28271e-05
1.28241e-05
1.2821e-05
1.28179e-05
1.28148e-05
1.2812e-05
1.28095e-05
1.28073e-05
1.28054e-05
1.28035e-05
1.28019e-05
1.28002e-05
1.27988e-05
1.27976e-05
1.27966e-05
1.27955e-05
1.27941e-05
1.27926e-05
1.2791e-05
1.27894e-05
1.2788e-05
1.27866e-05
1.27854e-05
1.27841e-05
1.27829e-05
1.27822e-05
1.27816e-05
1.2781e-05
1.27803e-05
1.27796e-05
1.27786e-05
1.27777e-05
1.27765e-05
1.27754e-05
1.27742e-05
1.2773e-05
1.27717e-05
1.27704e-05
1.27692e-05
1.27679e-05
1.2767e-05
1.27661e-05
1.2765e-05
1.27635e-05
1.2762e-05
1.27607e-05
1.27599e-05
1.27592e-05
1.27586e-05
1.27579e-05
1.27572e-05
1.27564e-05
1.27556e-05
1.2755e-05
1.27544e-05
1.2754e-05
1.27536e-05
1.27532e-05
1.27528e-05
1.27528e-05
1.27529e-05
1.27533e-05
1.27539e-05
1.27545e-05
1.2755e-05
1.27557e-05
1.27561e-05
1.27565e-05
1.2757e-05
1.27573e-05
1.27573e-05
1.2757e-05
1.27567e-05
1.27568e-05
1.27569e-05
1.2757e-05
1.27571e-05
1.2757e-05
1.27565e-05
1.27558e-05
1.27547e-05
1.27538e-05
1.27531e-05
1.27527e-05
1.27523e-05
1.27519e-05
1.27515e-05
1.27508e-05
1.27503e-05
1.27499e-05
1.27494e-05
1.27487e-05
1.27478e-05
1.27469e-05
1.27458e-05
1.27448e-05
1.27441e-05
1.27434e-05
1.27423e-05
1.27407e-05
1.27392e-05
1.2738e-05
1.27369e-05
1.27357e-05
1.27345e-05
1.27333e-05
1.2732e-05
1.27308e-05
1.27296e-05
1.27283e-05
1.27271e-05
1.27258e-05
1.27242e-05
1.27224e-05
1.27209e-05
1.27197e-05
1.27183e-05
1.27168e-05
1.27147e-05
1.27125e-05
1.27102e-05
1.27083e-05
1.27064e-05
1.27047e-05
1.27029e-05
1.2701e-05
1.26989e-05
1.26967e-05
1.26948e-05
1.26927e-05
1.26901e-05
1.26876e-05
1.26849e-05
1.26822e-05
1.26795e-05
1.26771e-05
1.2675e-05
1.26728e-05
1.26706e-05
1.26681e-05
1.26653e-05
1.26627e-05
1.26604e-05
1.26581e-05
1.2656e-05
1.26537e-05
1.26514e-05
1.26489e-05
1.26461e-05
1.26434e-05
1.26405e-05
1.26376e-05
1.26346e-05
1.26318e-05
1.26295e-05
1.26274e-05
1.26251e-05
1.26229e-05
1.26203e-05
1.26175e-05
1.26148e-05
1.26123e-05
1.261e-05
1.26078e-05
1.26054e-05
1.26029e-05
1.26004e-05
1.25982e-05
1.25961e-05
1.25939e-05
1.25917e-05
1.25892e-05
1.25866e-05
1.25835e-05
1.25807e-05
1.2578e-05
1.25752e-05
1.25721e-05
1.25687e-05
1.25652e-05
1.25613e-05
1.25575e-05
1.25537e-05
1.25498e-05
1.25459e-05
1.25419e-05
1.25383e-05
1.25346e-05
1.25306e-05
1.25266e-05
1.25224e-05
1.25184e-05
1.25147e-05
1.2511e-05
1.25073e-05
1.25035e-05
1.24995e-05
1.24956e-05
1.24919e-05
1.24883e-05
1.24848e-05
1.24813e-05
1.24778e-05
1.24744e-05
1.24708e-05
1.24673e-05
1.24638e-05
1.24604e-05
1.24569e-05
1.24532e-05
1.24499e-05
1.24466e-05
1.2443e-05
1.24394e-05
1.24358e-05
1.24321e-05
1.24287e-05
1.24253e-05
1.24218e-05
1.2418e-05
1.2414e-05
1.24102e-05
1.24061e-05
1.24023e-05
1.23985e-05
1.23945e-05
1.23908e-05
1.23868e-05
1.2383e-05
1.23794e-05
1.23758e-05
1.23722e-05
1.23686e-05
1.23648e-05
1.23609e-05
1.23568e-05
1.23523e-05
1.23476e-05
1.23431e-05
1.23388e-05
1.23348e-05
1.23307e-05
1.23265e-05
1.23218e-05
1.2317e-05
1.23118e-05
1.23068e-05
1.23019e-05
1.2297e-05
1.22923e-05
1.22878e-05
1.22835e-05
1.2279e-05
1.22747e-05
1.22703e-05
1.2266e-05
1.22621e-05
1.22582e-05
1.22543e-05
1.22501e-05
1.22456e-05
1.22414e-05
1.22375e-05
1.22337e-05
1.223e-05
1.22261e-05
1.22222e-05
1.22188e-05
1.22153e-05
1.22119e-05
1.22083e-05
1.22047e-05
1.2201e-05
1.21972e-05
1.21933e-05
1.21891e-05
1.21848e-05
1.21807e-05
1.21769e-05
1.21732e-05
1.21695e-05
1.21656e-05
1.21616e-05
1.21572e-05
1.2153e-05
1.21489e-05
1.21445e-05
1.21403e-05
1.21365e-05
1.21328e-05
1.2129e-05
1.21249e-05
1.21208e-05
1.21165e-05
1.21124e-05
1.21083e-05
1.21041e-05
1.20999e-05
1.20961e-05
1.20925e-05
1.20889e-05
1.20853e-05
1.20814e-05
1.20775e-05
1.20739e-05
1.20706e-05
1.20672e-05
1.20636e-05
1.206e-05
1.20567e-05
1.20534e-05
1.205e-05
1.20461e-05
1.20421e-05
1.20378e-05
1.20334e-05
1.2029e-05
1.20245e-05
1.20203e-05
1.20169e-05
1.2014e-05
1.20119e-05
1.20104e-05
1.20101e-05
1.20112e-05
1.20137e-05
1.20174e-05
1.20225e-05
1.20291e-05
1.20372e-05
1.20469e-05
1.20582e-05
1.2071e-05
1.20854e-05
1.21016e-05
1.21199e-05
1.214e-05
1.21621e-05
1.21858e-05
1.2211e-05
1.22378e-05
1.2266e-05
1.2296e-05
1.23272e-05
1.23596e-05
1.23929e-05
1.24269e-05
1.24616e-05
1.24966e-05
1.25324e-05
1.25685e-05
1.26048e-05
1.26414e-05
1.26778e-05
1.27139e-05
1.27503e-05
1.27872e-05
1.28244e-05
1.28615e-05
1.28987e-05
1.29359e-05
1.29728e-05
1.30095e-05
1.30462e-05
1.30824e-05
1.31184e-05
1.3154e-05
1.31894e-05
1.3225e-05
1.32606e-05
1.32958e-05
1.33304e-05
1.33648e-05
1.33987e-05
1.34325e-05
1.3466e-05
1.34995e-05
1.35328e-05
1.35657e-05
1.35982e-05
1.36306e-05
1.36625e-05
1.3694e-05
1.37252e-05
1.37562e-05
1.37869e-05
1.38174e-05
1.38481e-05
1.38791e-05
1.39103e-05
1.39414e-05
1.39726e-05
1.40039e-05
1.40349e-05
1.40658e-05
1.40964e-05
1.41265e-05
1.41565e-05
1.41861e-05
1.42154e-05
1.42446e-05
1.42731e-05
1.43014e-05
1.43291e-05
1.43563e-05
1.43836e-05
1.44109e-05
1.44382e-05
1.44655e-05
1.44927e-05
1.452e-05
1.45469e-05
1.45731e-05
1.45992e-05
1.46252e-05
1.46511e-05
1.46767e-05
1.47024e-05
1.4728e-05
1.47532e-05
1.47776e-05
1.4802e-05
1.48264e-05
1.4851e-05
1.48757e-05
1.49004e-05
1.49251e-05
1.49492e-05
1.49725e-05
1.49959e-05
1.50192e-05
1.50421e-05
1.50646e-05
1.50869e-05
1.51088e-05
1.51302e-05
1.5151e-05
1.51717e-05
1.51919e-05
1.52118e-05
1.52318e-05
1.52514e-05
1.52706e-05
1.52894e-05
1.53084e-05
1.53274e-05
1.53466e-05
1.5366e-05
1.53855e-05
1.54051e-05
1.5425e-05
1.54447e-05
1.54639e-05
1.54826e-05
1.55008e-05
1.55185e-05
1.55358e-05
1.55528e-05
1.55696e-05
1.55856e-05
1.56012e-05
1.56163e-05
1.56313e-05
1.56464e-05
1.56615e-05
1.56764e-05
1.56913e-05
1.57056e-05
1.57189e-05
1.57319e-05
1.57448e-05
1.57575e-05
1.57703e-05
1.57828e-05
1.5795e-05
1.58076e-05
1.58201e-05
1.58331e-05
1.58463e-05
1.586e-05
1.58739e-05
1.58875e-05
1.5901e-05
1.5914e-05
1.59267e-05
1.59395e-05
1.59527e-05
1.59661e-05
1.59799e-05
1.59936e-05
1.60077e-05
1.60217e-05
1.60353e-05
1.60487e-05
1.60619e-05
1.60749e-05
1.60878e-05
1.61003e-05
1.61128e-05
1.6125e-05
1.61366e-05
1.61484e-05
1.61601e-05
1.61714e-05
1.61823e-05
1.61924e-05
1.62019e-05
1.62104e-05
1.62189e-05
1.62273e-05
1.62359e-05
1.62443e-05
1.62526e-05
1.62606e-05
1.6268e-05
1.62749e-05
1.62814e-05
1.62878e-05
1.62938e-05
1.62992e-05
1.63043e-05
1.63095e-05
1.63143e-05
1.63185e-05
1.63224e-05
1.63255e-05
1.63285e-05
1.63309e-05
1.63328e-05
1.63348e-05
1.63365e-05
1.63383e-05
1.634e-05
1.63412e-05
1.63415e-05
1.63415e-05
1.6341e-05
1.63398e-05
1.63381e-05
1.63364e-05
1.63342e-05
1.6332e-05
1.63292e-05
1.63258e-05
1.63217e-05
1.63171e-05
1.63123e-05
1.63074e-05
1.6302e-05
1.62967e-05
1.62914e-05
1.62862e-05
1.6281e-05
1.62759e-05
1.62702e-05
1.62641e-05
1.62574e-05
1.62503e-05
1.6243e-05
1.62351e-05
1.62269e-05
1.62187e-05
1.62101e-05
1.62011e-05
1.61923e-05
1.61833e-05
1.6174e-05
1.61642e-05
1.61539e-05
1.61434e-05
1.61322e-05
1.61209e-05
1.61095e-05
1.60981e-05
1.60868e-05
1.60754e-05
1.60641e-05
1.60528e-05
1.60415e-05
1.60304e-05
1.60188e-05
1.60067e-05
1.59941e-05
1.59811e-05
1.59678e-05
1.59542e-05
1.59402e-05
1.59256e-05
1.59109e-05
1.58957e-05
1.58801e-05
1.58647e-05
1.58494e-05
1.58344e-05
1.58193e-05
1.58041e-05
1.57891e-05
1.57745e-05
1.57601e-05
1.57459e-05
1.5732e-05
1.57181e-05
1.57036e-05
1.56887e-05
1.56733e-05
1.56575e-05
1.56415e-05
1.56253e-05
1.56091e-05
1.55924e-05
1.55755e-05
1.55586e-05
1.55413e-05
1.55241e-05
1.55069e-05
1.54899e-05
1.5473e-05
1.54562e-05
1.54396e-05
1.54228e-05
1.54057e-05
1.53887e-05
1.53717e-05
1.53549e-05
1.53382e-05
1.53214e-05
1.53048e-05
1.52881e-05
1.52715e-05
1.52551e-05
1.5239e-05
1.52231e-05
1.52074e-05
1.51918e-05
1.51764e-05
1.51612e-05
1.51459e-05
1.51306e-05
1.51155e-05
1.51002e-05
1.50851e-05
1.50703e-05
1.50554e-05
1.50405e-05
1.50256e-05
1.50104e-05
1.49951e-05
1.49796e-05
1.49643e-05
1.4949e-05
1.49337e-05
1.49186e-05
1.49035e-05
1.48887e-05
1.4874e-05
1.48596e-05
1.48452e-05
1.48307e-05
1.48164e-05
1.48019e-05
1.47871e-05
1.47726e-05
1.47582e-05
1.47439e-05
1.47299e-05
1.47158e-05
1.47019e-05
1.46878e-05
1.46738e-05
1.466e-05
1.46462e-05
1.46328e-05
1.46203e-05
1.46082e-05
1.45969e-05
1.4586e-05
1.45752e-05
1.4565e-05
1.45551e-05
1.45456e-05
1.45365e-05
1.45278e-05
1.45194e-05
1.4511e-05
1.45025e-05
1.44943e-05
1.44862e-05
1.44782e-05
1.44702e-05
1.44619e-05
1.44535e-05
1.4445e-05
1.44366e-05
1.44281e-05
1.44198e-05
1.44114e-05
1.44031e-05
1.4395e-05
1.43867e-05
1.43787e-05
1.43713e-05
1.43643e-05
1.43579e-05
1.43518e-05
1.43461e-05
1.43407e-05
1.43353e-05
1.43296e-05
1.43241e-05
1.43188e-05
1.43133e-05
1.43076e-05
1.43022e-05
1.42969e-05
1.42915e-05
1.42858e-05
1.42804e-05
1.42749e-05
1.42694e-05
1.42638e-05
1.42588e-05
1.42545e-05
1.42506e-05
1.42471e-05
1.4244e-05
1.42412e-05
1.42387e-05
1.42364e-05
1.4234e-05
1.42318e-05
1.42298e-05
1.42277e-05
1.42255e-05
1.42227e-05
1.42201e-05
1.42173e-05
1.42146e-05
1.42118e-05
1.4209e-05
1.42065e-05
1.4204e-05
1.42017e-05
1.41999e-05
1.41983e-05
1.41971e-05
1.41965e-05
1.41965e-05
1.4197e-05
1.41977e-05
1.41983e-05
1.41991e-05
1.42001e-05
1.42012e-05
1.42024e-05
1.42035e-05
1.42046e-05
1.42057e-05
1.42065e-05
1.42073e-05
1.42081e-05
1.4209e-05
1.42105e-05
1.42124e-05
1.42146e-05
1.42166e-05
1.4219e-05
1.42219e-05
1.42252e-05
1.42287e-05
1.4232e-05
1.42356e-05
1.42391e-05
1.42423e-05
1.42453e-05
1.42483e-05
1.42512e-05
1.42539e-05
1.42567e-05
1.42594e-05
1.42617e-05
1.42632e-05
1.42648e-05
1.42663e-05
1.42678e-05
1.42694e-05
1.42709e-05
1.4273e-05
1.42754e-05
1.42778e-05
1.42806e-05
1.42838e-05
1.42875e-05
1.42917e-05
1.42959e-05
1.43001e-05
1.43047e-05
1.43093e-05
1.43141e-05
1.43188e-05
1.43235e-05
1.43282e-05
1.43326e-05
1.43371e-05
1.43414e-05
1.43455e-05
1.43495e-05
1.43535e-05
1.43573e-05
1.43611e-05
1.43645e-05
1.43676e-05
1.43705e-05
1.43734e-05
1.43766e-05
1.43804e-05
1.43846e-05
1.43895e-05
1.43947e-05
1.44002e-05
1.44058e-05
1.44113e-05
1.44167e-05
1.4422e-05
1.44274e-05
1.44329e-05
1.44383e-05
1.44438e-05
1.44493e-05
1.44545e-05
1.44597e-05
1.44648e-05
1.447e-05
1.44751e-05
1.44799e-05
1.44844e-05
1.44889e-05
1.44932e-05
1.4497e-05
1.45004e-05
1.45037e-05
1.45069e-05
1.451e-05
1.4513e-05
1.45159e-05
1.45187e-05
1.45211e-05
1.45234e-05
1.45253e-05
1.45271e-05
1.45288e-05
1.45302e-05
1.45311e-05
1.4532e-05
1.4533e-05
1.45341e-05
1.45352e-05
1.45369e-05
1.45393e-05
1.45418e-05
1.45443e-05
1.45472e-05
1.45506e-05
1.45544e-05
1.45584e-05
1.45624e-05
1.45666e-05
1.4571e-05
1.45754e-05
1.45798e-05
1.45842e-05
1.45886e-05
1.45929e-05
1.45968e-05
1.46005e-05
1.46041e-05
1.46075e-05
1.46108e-05
1.46139e-05
1.4617e-05
1.46198e-05
1.46222e-05
1.46241e-05
1.46257e-05
1.46272e-05
1.46286e-05
1.463e-05
1.46313e-05
1.46327e-05
1.46341e-05
1.46354e-05
1.46367e-05
1.46379e-05
1.46389e-05
1.46396e-05
1.46403e-05
1.46409e-05
1.46413e-05
1.46411e-05
1.46407e-05
1.46403e-05
1.46394e-05
1.4638e-05
1.46366e-05
1.46353e-05
1.46338e-05
1.4632e-05
1.46295e-05
1.46269e-05
1.46243e-05
1.46214e-05
1.46184e-05
1.46156e-05
1.46134e-05
1.46115e-05
1.46101e-05
1.46092e-05
1.46085e-05
1.46083e-05
1.46083e-05
1.46086e-05
1.46091e-05
1.46093e-05
1.46097e-05
1.46102e-05
1.46106e-05
1.46111e-05
1.46116e-05
1.46121e-05
1.46126e-05
1.46128e-05
1.46127e-05
1.46121e-05
1.46112e-05
1.46102e-05
1.46091e-05
1.46075e-05
1.46058e-05
1.46038e-05
1.46017e-05
1.45991e-05
1.45959e-05
1.45927e-05
1.45895e-05
1.45861e-05
1.45823e-05
1.45784e-05
1.45744e-05
1.45703e-05
1.45662e-05
1.45622e-05
1.45581e-05
1.45536e-05
1.45487e-05
1.45439e-05
1.45388e-05
1.45338e-05
1.45286e-05
1.4524e-05
1.45198e-05
1.45162e-05
1.4513e-05
1.45102e-05
1.45074e-05
1.45047e-05
1.45017e-05
1.44985e-05
1.44953e-05
1.4492e-05
1.44886e-05
1.44854e-05
1.4482e-05
1.44787e-05
1.44753e-05
1.44716e-05
1.44678e-05
1.44639e-05
1.44601e-05
1.44558e-05
1.44517e-05
1.44475e-05
1.44432e-05
1.44388e-05
1.44342e-05
1.44296e-05
1.44248e-05
1.44196e-05
1.44145e-05
1.44092e-05
1.44035e-05
1.43981e-05
1.43931e-05
1.43884e-05
1.4384e-05
1.43798e-05
1.43758e-05
1.43719e-05
1.43678e-05
1.43637e-05
1.43596e-05
1.43554e-05
1.43512e-05
1.43468e-05
1.43422e-05
1.43373e-05
1.4332e-05
1.43267e-05
1.43213e-05
1.43159e-05
1.43104e-05
1.43048e-05
1.42993e-05
1.42936e-05
1.42874e-05
1.42817e-05
1.42766e-05
1.42716e-05
1.4267e-05
1.42626e-05
1.42585e-05
1.42542e-05
1.42501e-05
1.42461e-05
1.42422e-05
1.42381e-05
1.42339e-05
1.42297e-05
1.42254e-05
1.42209e-05
1.42159e-05
1.42104e-05
1.42049e-05
1.41998e-05
1.4195e-05
1.41901e-05
1.41856e-05
1.41809e-05
1.41762e-05
1.41711e-05
1.41662e-05
1.41617e-05
1.41572e-05
1.41526e-05
1.41481e-05
1.41434e-05
1.41388e-05
1.4134e-05
1.41292e-05
1.41244e-05
1.41197e-05
1.41148e-05
1.41104e-05
1.41061e-05
1.41022e-05
1.40984e-05
1.40948e-05
1.40912e-05
1.40879e-05
1.40844e-05
1.40808e-05
1.40771e-05
1.4073e-05
1.40688e-05
1.40642e-05
1.40595e-05
1.40547e-05
1.40499e-05
1.40453e-05
1.40407e-05
1.40358e-05
1.40313e-05
1.40271e-05
1.40231e-05
1.40193e-05
1.40157e-05
1.4012e-05
1.4008e-05
1.40033e-05
1.39986e-05
1.39938e-05
1.3989e-05
1.3984e-05
1.39792e-05
1.39747e-05
1.39703e-05
1.39657e-05
1.39614e-05
1.39574e-05
1.39535e-05
1.39497e-05
1.39461e-05
1.39423e-05
1.39385e-05
1.39348e-05
1.39306e-05
1.39264e-05
1.39223e-05
1.39186e-05
1.39153e-05
1.39123e-05
1.39092e-05
1.39064e-05
1.39037e-05
1.39011e-05
1.38984e-05
1.38958e-05
1.38928e-05
1.38896e-05
1.38862e-05
1.38826e-05
1.3879e-05
1.38758e-05
1.38725e-05
1.38696e-05
1.38669e-05
1.38643e-05
1.38616e-05
1.38585e-05
1.38553e-05
1.38519e-05
1.38484e-05
1.38445e-05
1.38404e-05
1.3836e-05
1.38319e-05
1.3828e-05
1.38245e-05
1.38213e-05
1.38185e-05
1.38158e-05
1.38133e-05
1.38107e-05
1.38081e-05
1.38051e-05
1.38019e-05
1.37987e-05
1.37954e-05
1.37921e-05
1.37886e-05
1.37855e-05
1.37825e-05
1.37795e-05
1.37764e-05
1.37735e-05
1.37708e-05
1.37682e-05
1.37656e-05
1.3763e-05
1.37599e-05
1.37565e-05
1.37531e-05
1.37501e-05
1.37474e-05
1.37451e-05
1.37431e-05
1.3741e-05
1.37388e-05
1.3736e-05
1.37331e-05
1.37301e-05
1.37269e-05
1.37236e-05
1.37205e-05
1.37178e-05
1.37152e-05
1.37126e-05
1.37103e-05
1.37084e-05
1.37065e-05
1.37044e-05
1.37024e-05
1.37004e-05
1.36982e-05
1.36958e-05
1.36933e-05
1.36908e-05
1.36887e-05
1.36869e-05
1.36853e-05
1.36839e-05
1.36825e-05
1.36812e-05
1.36798e-05
1.36784e-05
1.36766e-05
1.36747e-05
1.36727e-05
1.36711e-05
1.36697e-05
1.36686e-05
1.36674e-05
1.36664e-05
1.36653e-05
1.36641e-05
1.36627e-05
1.36608e-05
1.36586e-05
1.36559e-05
1.36534e-05
1.36508e-05
1.36483e-05
1.36461e-05
1.3644e-05
1.36419e-05
1.36396e-05
1.36373e-05
1.36351e-05
1.36327e-05
1.36301e-05
1.36275e-05
1.36255e-05
1.36236e-05
1.36219e-05
1.36206e-05
1.36194e-05
1.36182e-05
1.36169e-05
1.36154e-05
1.36136e-05
1.36114e-05
1.36094e-05
1.36074e-05
1.36059e-05
1.36047e-05
1.36037e-05
1.36027e-05
1.36014e-05
1.36002e-05
1.35987e-05
1.35971e-05
1.35953e-05
1.35932e-05
1.35913e-05
1.35893e-05
1.35875e-05
1.35859e-05
1.35844e-05
1.35829e-05
1.35815e-05
1.35803e-05
1.3579e-05
1.35775e-05
1.35757e-05
1.35742e-05
1.35732e-05
1.35728e-05
1.35727e-05
1.35728e-05
1.35727e-05
1.35727e-05
1.35724e-05
1.35719e-05
1.35711e-05
1.35699e-05
1.35688e-05
1.35676e-05
1.35666e-05
1.35655e-05
1.35646e-05
1.35636e-05
1.35628e-05
1.35621e-05
1.35614e-05
1.35604e-05
1.35593e-05
1.35582e-05
1.3557e-05
1.35561e-05
1.35554e-05
1.3555e-05
1.35547e-05
1.35546e-05
1.35544e-05
1.35542e-05
1.35536e-05
1.35531e-05
1.35527e-05
1.35523e-05
1.35519e-05
1.35515e-05
1.35511e-05
1.35508e-05
1.35505e-05
1.35501e-05
1.35496e-05
1.35491e-05
1.35481e-05
1.35474e-05
1.35471e-05
1.35472e-05
1.35478e-05
1.35485e-05
1.35491e-05
1.35496e-05
1.35502e-05
1.35507e-05
1.3551e-05
1.35514e-05
1.35517e-05
1.35519e-05
1.3552e-05
1.35522e-05
1.35522e-05
1.35519e-05
1.35518e-05
1.35514e-05
1.35507e-05
1.35498e-05
1.35486e-05
1.35473e-05
1.35463e-05
1.35456e-05
1.35453e-05
1.35451e-05
1.3545e-05
1.35445e-05
1.35436e-05
1.35426e-05
1.3541e-05
1.35391e-05
1.3537e-05
1.35353e-05
1.35341e-05
1.35328e-05
