-1.23741
-1.23741
-1.23741
-1.23732
-1.23713
-1.23684
-1.23646
-1.23601
-1.23549
-1.23492
-1.23417
-1.23326
-1.23221
-1.23103
-1.22975
-1.22837
-1.22694
-1.22546
-1.22394
-1.2224
-1.22085
-1.2193
-1.21776
-1.21622
-1.2147
-1.2132
-1.21173
-1.21027
-1.20884
-1.20744
-1.20605
-1.20469
-1.20336
-1.20204
-1.20075
-1.19948
-1.19823
-1.197
-1.19579
-1.19461
-1.19344
-1.1923
-1.19117
-1.19007
-1.18899
-1.18793
-1.18689
-1.18587
-1.18486
-1.18388
-1.18292
-1.18197
-1.18104
-1.18013
-1.17924
-1.17837
-1.17752
-1.17668
-1.17586
-1.17505
-1.17426
-1.17349
-1.17274
-1.172
-1.17127
-1.17057
-1.16987
-1.16919
-1.16853
-1.16787
-1.16724
-1.16661
-1.166
-1.1654
-1.16481
-1.16424
-1.16368
-1.16313
-1.16259
-1.16206
-1.16154
-1.16103
-1.16053
-1.16004
-1.15957
-1.1591
-1.15864
-1.15819
-1.15775
-1.15732
-1.15689
-1.15648
-1.15607
-1.15567
-1.15528
-1.1549
-1.15453
-1.15416
-1.1538
-1.15345
-1.1531
-1.15277
-1.15244
-1.15211
-1.1518
-1.15149
-1.15118
-1.15088
-1.15059
-1.15031
-1.15003
-1.14975
-1.14948
-1.14922
-1.14896
-1.14871
-1.14846
-1.14822
-1.14798
-1.14775
-1.14752
-1.1473
-1.14708
-1.14687
-1.14666
-1.14646
-1.14626
-1.14606
-1.14587
-1.14568
-1.14549
-1.14531
-1.14513
-1.14496
-1.14479
-1.14462
-1.14446
-1.1443
-1.14414
-1.14399
-1.14384
-1.14369
-1.14355
-1.14341
-1.14327
-1.14314
-1.143
-1.14288
-1.14275
-1.14263
-1.1425
-1.14238
-1.14227
-1.14215
-1.14204
-1.14193
-1.14183
-1.14172
-1.14162
-1.14152
-1.14142
-1.14132
-1.14123
-1.14114
-1.14105
-1.14096
-1.14087
-1.14079
-1.14071
-1.14062
-1.14054
-1.14047
-1.14039
-1.14032
-1.14024
-1.14017
-1.1401
-1.14003
-1.13997
-1.1399
-1.13984
-1.13977
-1.13971
-1.13965
-1.13959
-1.13954
-1.13948
-1.13942
-1.13937
-1.13932
-1.13926
-1.13921
-1.13916
-1.13912
-1.13907
-1.13902
-1.13898
-1.13893
-1.13889
-1.13884
-1.1388
-1.13876
-1.13872
-1.13868
-1.13864
-1.13861
-1.13857
-1.13853
-1.1385
-1.13846
-1.13843
-1.1384
-1.13837
-1.13833
-1.1383
-1.13827
-1.13824
-1.13821
-1.13819
-1.13816
-1.13813
-1.13811
-1.13808
-1.13805
-1.13803
-1.13801
-1.13798
-1.13796
-1.13794
-1.13791
-1.13789
-1.13787
-1.13785
-1.13783
-1.13781
-1.13779
-1.13777
-1.13775
-1.13773
-1.13772
-1.1377
-1.13768
-1.13766
-1.13765
-1.13763
-1.13762
-1.1376
-1.13759
-1.13757
-1.13756
-1.13754
-1.13753
-1.13751
-1.1375
-1.13749
-1.13747
-1.13746
-1.13745
-1.13744
-1.13743
-1.13741
-1.1374
-1.13739
-1.13738
-1.13737
-1.13736
-1.13735
-1.13734
-1.13733
-1.13732
-1.13731
-1.1373
-1.13729
-1.13728
-1.13727
-1.13726
-1.13726
-1.13725
-1.13724
-1.13723
-1.13722
-1.13722
-1.13721
-1.1372
-1.13719
-1.13719
-1.13718
-1.13717
-1.13717
-1.13716
-1.13715
-1.13715
-1.13714
-1.13713
-1.13713
-1.13712
-1.13711
-1.13711
-1.1371
-1.1371
-1.13709
-1.13709
-1.13708
-1.13707
-1.13707
-1.13706
-1.13706
-1.13705
-1.13705
-1.13704
-1.13704
-1.13703
-1.13703
-1.13702
-1.13702
-1.13702
-1.13701
-1.13701
-1.137
-1.137
-1.13699
-1.13699
-1.13698
-1.13698
-1.13698
-1.13697
-1.13697
-1.13696
-1.13696
-1.13696
-1.13695
-1.13695
-1.13694
-1.13694
-1.13694
-1.13693
-1.13693
-1.13693
-1.13692
-1.13692
-1.13692
-1.13691
-1.13691
-1.1369
-1.1369
-1.1369
-1.13689
-1.13689
-1.13689
-1.13688
-1.13688
-1.13688
-1.13687
-1.13687
-1.13687
-1.13686
-1.13686
-1.13686
-1.13685
-1.13685
-1.13685
-1.13684
-1.13684
-1.13684
-1.13683
-1.13683
-1.13683
-1.13683
-1.13682
-1.13682
-1.13682
-1.13681
-1.13681
-1.13681
-1.1368
-1.1368
-1.1368
-1.13679
-1.13679
-1.13679
-1.13679
-1.13678
-1.13678
-1.13678
-1.13677
-1.13677
-1.13677
-1.13676
-1.13676
-1.13676
-1.13675
-1.13675
-1.13675
-1.13675
-1.13674
-1.13674
-1.13674
-1.13673
-1.13673
-1.13673
-1.13672
-1.13672
-1.13672
-1.13672
-1.13671
-1.13671
-1.13671
-1.1367
-1.1367
-1.1367
-1.13669
-1.13669
-1.13669
-1.13668
-1.13668
-1.13668
-1.13668
-1.13667
-1.13667
-1.13667
-1.13666
-1.13666
-1.13666
-1.13665
-1.13665
-1.13665
-1.13664
-1.13664
-1.13664
-1.13664
-1.13663
-1.13663
-1.13663
-1.13662
-1.13662
-1.13662
-1.13661
-1.13661
-1.13661
-1.1366
-1.1366
-1.1366
-1.1366
-1.13659
-1.13659
-1.13659
-1.13658
-1.13658
-1.13658
-1.13657
-1.13657
-1.13657
-1.13656
-1.13656
-1.13656
-1.13655
-1.13655
-1.13655
-1.13654
-1.13654
-1.13654
-1.13653
-1.13653
-1.13653
-1.13652
-1.13652
-1.13652
-1.13652
-1.13651
-1.13651
-1.13651
-1.1365
-1.1365
-1.1365
-1.13649
-1.13649
-1.13649
-1.13648
-1.13648
-1.13648
-1.13647
-1.13647
-1.13647
-1.13646
-1.13646
-1.13646
-1.13645
-1.13645
-1.13645
-1.13644
-1.13644
-1.13644
-1.13643
-1.13643
-1.13643
-1.13642
-1.13642
-1.13642
-1.13641
-1.13641
-1.13641
-1.1364
-1.1364
-1.1364
-1.13639
-1.13639
-1.13639
-1.13638
-1.13638
-1.13638
-1.13637
-1.13637
-1.13637
-1.13636
-1.13636
-1.13636
-1.13635
-1.13635
-1.13635
-1.13634
-1.13634
-1.13634
-1.13633
-1.13633
-1.13633
-1.13632
-1.13632
-1.13632
-1.13631
-1.13631
-1.1363
-1.1363
-1.1363
-1.13629
-1.13629
-1.13629
-1.13628
-1.13628
-1.13628
-1.13627
-1.13627
-1.13627
-1.13626
-1.13626
-1.13625
-1.13625
-1.13625
-1.13624
-1.13624
-1.13624
-1.13623
-1.13623
-1.13622
-1.13622
-1.13622
-1.13621
-1.13621
-1.13621
-1.1362
-1.1362
-1.13619
-1.13619
-1.13619
-1.13618
-1.13618
-1.13617
-1.13617
-1.13617
-1.13616
-1.13616
-1.13615
-1.13615
-1.13615
-1.13614
-1.13614
-1.13613
-1.13613
-1.13612
-1.13612
-1.13612
-1.13611
-1.13611
-1.1361
-1.1361
-1.13609
-1.13609
-1.13609
-1.13608
-1.13608
-1.13607
-1.13607
-1.13606
-1.13606
-1.13606
-1.13605
-1.13605
-1.13604
-1.13604
-1.13603
-1.13603
-1.13602
-1.13602
-1.13601
-1.13601
-1.13601
-1.136
-1.136
-1.13599
-1.13599
-1.13598
-1.13598
-1.13597
-1.13597
-1.13596
-1.13596
-1.13595
-1.13595
-1.13594
-1.13594
-1.13594
-1.13593
-1.13593
-1.13592
-1.13592
-1.13591
-1.13591
-1.1359
-1.1359
-1.13589
-1.13589
-1.13588
-1.13588
-1.13587
-1.13587
-1.13586
-1.13586
-1.13585
-1.13585
-1.13584
-1.13584
-1.13583
-1.13583
-1.13582
-1.13582
-1.13581
-1.13581
-1.1358
-1.1358
-1.13579
-1.13579
-1.13578
-1.13578
-1.13577
-1.13577
-1.13576
-1.13576
-1.13575
-1.13575
-1.13574
-1.13574
-1.13573
-1.13573
-1.13572
-1.13572
-1.13571
-1.13571
-1.1357
-1.1357
-1.13569
-1.13569
-1.13568
-1.13568
-1.13567
-1.13567
-1.13566
-1.13566
-1.13565
-1.13565
-1.13564
-1.13563
-1.13563
-1.13562
-1.13562
-1.13561
-1.13561
-1.1356
-1.1356
-1.13559
-1.13559
-1.13558
-1.13558
-1.13557
-1.13557
-1.13556
-1.13556
-1.13555
-1.13555
-1.13554
-1.13554
-1.13553
-1.13553
-1.13552
-1.13552
-1.13551
-1.13551
-1.1355
-1.1355
-1.13549
-1.13549
-1.13548
-1.13548
-1.13547
-1.13547
-1.13546
-1.13546
-1.13545
-1.13545
-1.13544
-1.13544
-1.13543
-1.13543
-1.13542
-1.13542
-1.13541
-1.1354
-1.1354
-1.13539
-1.13539
-1.13538
-1.13538
-1.13537
-1.13537
-1.13536
-1.13536
-1.13535
-1.13535
-1.13534
-1.13534
-1.13533
-1.13533
-1.13532
-1.13532
-1.13531
-1.13531
-1.13531
-1.1353
-1.1353
-1.13529
-1.13529
-1.13528
-1.13528
-1.13527
-1.13527
-1.13526
-1.13526
-1.13525
-1.13525
-1.13524
-1.13524
-1.13523
-1.13523
-1.13522
-1.13522
-1.13521
-1.13521
-1.1352
-1.1352
-1.13519
-1.13519
-1.13518
-1.13518
-1.13517
-1.13517
-1.13516
-1.13516
-1.13516
-1.13515
-1.13515
-1.13514
-1.13514
-1.13513
-1.13513
-1.13512
-1.13512
-1.13511
-1.13511
-1.1351
-1.1351
-1.1351
-1.13509
-1.13509
-1.13508
-1.13508
-1.13507
-1.13507
-1.13506
-1.13506
-1.13505
-1.13505
-1.13505
-1.13504
-1.13504
-1.13503
-1.13503
-1.13502
-1.13502
-1.13501
-1.13501
-1.13501
-1.135
-1.135
-1.13499
-1.13499
-1.13498
-1.13498
-1.13497
-1.13497
-1.13497
-1.13496
-1.13496
-1.13495
-1.13495
-1.13494
-1.13494
-1.13494
-1.13493
-1.13493
-1.13492
-1.13492
-1.13491
-1.13491
-1.13491
-1.1349
-1.1349
-1.13489
-1.13489
-1.13489
-1.13488
-1.13488
-1.13487
-1.13487
-1.13486
-1.13486
-1.13486
-1.13485
-1.13485
-1.13484
-1.13484
-1.13484
-1.13483
-1.13483
-1.13482
-1.13482
-1.13482
-1.13481
-1.13481
-1.1348
-1.1348
-1.1348
-1.13479
-1.13479
-1.13478
-1.13478
-1.13478
-1.13477
-1.13477
-1.13477
-1.13476
-1.13476
-1.13475
-1.13475
-1.13475
-1.13474
-1.13474
-1.13474
-1.13473
-1.13473
-1.13472
-1.13472
-1.13472
-1.13471
-1.13471
-1.13471
-1.1347
-1.1347
-1.13469
-1.13469
-1.13469
-1.13468
-1.13468
-1.13468
-1.13467
-1.13467
-1.13467
-1.13466
-1.13466
-1.13465
-1.13465
-1.13465
-1.13464
-1.13464
-1.13464
-1.13463
-1.13463
-1.13463
-1.13462
-1.13462
-1.13462
-1.13461
-1.13461
-1.13461
-1.1346
-1.1346
-1.1346
-1.13459
-1.13459
-1.13459
-1.13458
-1.13458
-1.13458
-1.13457
-1.13457
-1.13457
-1.13456
-1.13456
-1.13456
-1.13455
-1.13455
-1.13455
-1.13454
-1.13454
-1.13454
-1.13453
-1.13453
-1.13453
-1.13452
-1.13452
-1.13452
-1.13452
-1.13451
-1.13451
-1.13451
-1.1345
-1.1345
-1.1345
-1.13449
-1.13449
-1.13449
-1.13448
-1.13448
-1.13448
-1.13448
-1.13447
-1.13447
-1.13447
-1.13446
-1.13446
-1.13446
-1.13446
-1.13445
-1.13445
-1.13445
-1.13444
-1.13444
-1.13444
-1.13444
-1.13443
-1.13443
-1.13443
-1.13442
-1.13442
-1.13442
-1.13442
-1.13441
-1.13441
-1.13441
-1.1344
-1.1344
-1.1344
-1.1344
-1.13439
-1.13439
-1.13439
-1.13439
-1.13438
-1.13438
-1.13438
-1.13437
-1.13437
-1.13437
-1.13437
-1.13436
-1.13436
-1.13436
-1.13436
-1.13435
-1.13435
-1.13435
-1.13435
-1.13434
-1.13434
-1.13434
-1.13434
-1.13433
-1.13433
-1.13433
-1.13433
-1.13432
-1.13432
-1.13432
-1.13432
-1.13432
-1.13431
-1.13431
-1.13431
-1.13431
-1.1343
-1.1343
-1.1343
-1.1343
-1.13429
-1.13429
-1.13429
-1.13429
-1.13428
-1.13428
-1.13428
-1.13428
-1.13428
-1.13427
-1.13427
-1.13427
-1.13427
-1.13427
-1.13426
-1.13426
-1.13426
-1.13426
-1.13425
-1.13425
-1.13425
-1.13425
-1.13425
-1.13424
-1.13424
-1.13424
-1.13424
-1.13424
-1.13423
-1.13423
-1.13423
-1.13423
-1.13423
-1.13422
-1.13422
-1.13422
-1.13422
-1.13422
-1.13421
-1.13421
-1.13421
-1.13421
-1.13421
-1.1342
-1.1342
-1.1342
-1.1342
-1.1342
-1.1342
-1.13419
-1.13419
-1.13419
-1.13419
-1.13419
-1.13419
-1.13418
-1.13418
-1.13418
-1.13418
-1.13418
-1.13418
-1.13417
-1.13417
-1.13417
-1.13417
-1.13417
-1.13417
-1.13416
-1.13416
-1.13416
-1.13416
-1.13416
-1.13416
-1.13415
-1.13415
-1.13415
-1.13415
-1.13415
-1.13415
-1.13415
-1.13414
-1.13414
-1.13414
-1.13414
-1.13414
-1.13414
-1.13414
-1.13413
-1.13413
-1.13413
-1.13413
-1.13413
-1.13413
-1.13413
-1.13412
-1.13412
-1.13412
-1.13412
-1.13412
-1.13412
-1.13412
-1.13412
-1.13411
-1.13411
-1.13411
-1.13411
-1.13411
-1.13411
-1.13411
-1.13411
-1.13411
-1.1341
-1.1341
-1.1341
-1.1341
-1.1341
-1.1341
-1.1341
-1.1341
-1.1341
-1.13409
-1.13409
-1.13409
-1.13409
-1.13409
-1.13409
-1.13409
-1.13409
-1.13409
-1.13409
-1.13408
-1.13408
-1.13408
-1.13408
-1.13408
-1.13408
-1.13408
-1.13408
-1.13408
-1.13408
-1.13408
-1.13408
-1.13407
-1.13407
-1.13407
-1.13407
-1.13407
-1.13407
-1.13407
-1.13407
-1.13407
-1.13407
-1.13407
-1.13407
-1.13407
-1.13407
-1.13407
-1.13406
-1.13406
-1.13406
-1.13406
-1.13406
-1.13406
-1.13406
-1.13406
-1.13406
-1.13406
-1.13406
-1.13406
-1.13406
-1.13406
-1.13406
-1.13406
-1.13406
-1.13406
-1.13406
-1.13405
-1.13405
-1.13405
-1.13405
-1.13405
-1.13405
-1.13405
-1.13405
-1.13405
-1.13405
-1.13405
-1.13405
-1.13405
-1.13405
-1.13405
-1.13405
-1.13405
-1.13405
-1.13405
-1.13405
-1.13405
-1.13405
-1.13405
-1.13405
-1.13405
-1.13405
-1.13405
-1.13405
-1.13405
-1.13405
-1.13405
-1.13405
-1.13404
-1.13404
-1.13404
-1.13404
-1.13404
-1.13404
-1.13404
-1.13404
-1.13404
-1.13404
-1.13404
-1.13404
-1.13404
-1.13404
-1.13404
-1.13404
-1.13404
-1.13404
-1.13404
-1.13404
-1.13404
-1.13404
-1.13404
-1.13404
-1.13404
-1.13404
-1.13404
-1.13404
-1.13404
-1.13404
-1.13404
-1.13404
-1.13404
-1.13404
-1.13404
-1.13404
-1.13404
-1.13404
-1.13404
-1.13404
-1.13404
-1.13404
-1.13404
-1.13404
-1.13404
-1.13404
-1.13404
-1.13404
-1.13404
-1.13404
-1.13404
-1.13404
-1.13404
-1.13404
-1.13404
-1.13404
-1.13404
-1.13404
-1.13404
-1.13404
-1.13404
-1.13404
-1.13404
-1.13404
-1.13404
-1.13404
-1.13404
-1.13404
-1.13404
-1.13404
-1.13404
-1.13404
-1.13404
-1.13404
-1.13404
-1.13404
-1.13404
-1.13404
-1.13404
-1.13404
-1.13404
-1.13404
-1.13404
-1.13404
-1.13404
-1.13404
-1.13404
-1.13404
-1.13404
-1.13404
-1.13404
-1.13404
-1.13404
-1.13404
-1.13404
-1.13404
-1.13404
-1.13404
-1.13404
-1.13404
-1.13404
-1.13404
-1.13404
-1.13404
-1.13404
-1.13404
-1.13404
-1.13404
-1.13404
-1.13404
-1.13404
-1.13404
-1.13404
-1.13404
-1.13404
-1.13404
-1.13404
-1.13404
-1.13404
-1.13404
-1.13404
-1.13404
-1.13404
-1.13404
-1.13404
-1.13404
-1.13404
-1.13404
-1.13404
-1.13404
-1.13404
-1.13404
-1.13404
-1.13404
-1.13404
-1.13404
-1.13404
-1.13404
-1.13404
-1.13404
-1.13404
-1.13404
-1.13404
-1.13404
-1.13404
-1.13404
-1.13404
-1.13404
-1.13404
-1.13404
-1.13404
-1.13404
-1.13404
-1.13404
-1.13404
-1.13404
-1.13404
-1.13404
-1.13404
-1.13404
-1.13404
-1.13404
-1.13404
-1.13404
-1.13404
-1.13404
-1.13404
-1.13404
-1.13404
-1.13404
-1.13404
-1.13404
-1.13404
-1.13404
-1.13404
-1.13404
-1.13404
-1.13404
-1.13404
-1.13404
-1.13404
-1.13404
-1.13404
-1.13404
-1.13404
-1.13404
-1.13404
-1.13404
-1.13404
-1.13404
-1.13404
-1.13404
-1.13404
-1.13404
-1.13404
-1.13404
-1.13404
-1.13404
-1.13404
-1.13404
-1.13404
-1.13404
-1.13404
-1.13404
-1.13404
-1.13404
-1.13404
-1.13404
-1.13404
-1.13404
-1.13404
-1.13404
-1.13404
-1.13404
-1.13404
-1.13404
-1.13404
-1.13404
-1.13404
-1.13404
-1.13404
-1.13404
-1.13404
-1.13404
-1.13404
-1.13404
-1.13404
-1.13404
-1.13404
-1.13404
-1.13404
-1.13404
-1.13404
-1.13404
-1.13404
-1.13404
-1.13404
-1.13404
-1.13404
-1.13404
-1.13404
-1.13404
-1.13404
-1.13404
-1.13404
-1.13404
-1.13404
-1.13404
-1.13404
-1.13404
-1.13404
-1.13404
-1.13404
-1.13404
-1.13404
-1.13404
-1.13404
-1.13404
-1.13404
-1.13404
-1.13404
-1.13404
-1.13404
-1.13404
-1.13404
-1.13404
-1.13404
-1.13404
-1.13404
-1.13404
-1.13404
-1.13404
-1.13404
-1.13404
-1.13404
-1.13404
-1.13404
-1.13404
-1.13404
-1.13404
-1.13404
-1.13405
-1.13405
-1.13405
-1.13405
-1.13405
-1.13405
-1.13405
-1.13405
-1.13405
-1.13405
-1.13405
-1.13405
-1.13405
-1.13405
-1.13405
-1.13405
-1.13405
-1.13405
-1.13405
-1.13405
-1.13405
-1.13405
-1.13405
-1.13405
-1.13405
-1.13405
-1.13405
-1.13405
-1.13405
-1.13405
-1.13405
-1.13405
-1.13405
-1.13405
-1.13405
-1.13405
-1.13405
-1.13405
-1.13405
-1.13405
-1.13405
-1.13405
-1.13405
-1.13405
-1.13405
-1.13405
-1.13405
-1.13405
-1.13405
-1.13405
-1.13405
-1.13405
-1.13405
-1.13405
-1.13405
-1.13405
-1.13405
-1.13405
-1.13405
-1.13405
-1.13405
-1.13405
-1.13405
-1.13405
-1.13405
-1.13405
-1.13405
-1.13405
-1.13405
-1.13405
-1.13405
-1.13405
-1.13405
-1.13405
-1.13405
-1.13405
-1.13405
-1.13405
-1.13405
-1.13405
-1.13405
-1.13405
-1.13405
-1.13405
-1.13405
-1.13405
-1.13405
-1.13405
-1.13405
-1.13405
-1.13405
-1.13405
-1.13405
-1.13405
-1.13405
-1.13405
-1.13405
-1.13405
-1.13405
-1.13405
-1.13405
-1.13405
-1.13405
-1.13405
-1.13405
-1.13405
-1.13405
-1.13405
-1.13405
-1.13405
-1.13405
-1.13405
-1.13405
-1.13405
-1.13405
-1.13405
-1.13405
-1.13405
-1.13405
-1.13405
-1.13405
-1.13405
-1.13405
-1.13405
-1.13405
-1.13405
-1.13405
-1.13405
-1.13405
-1.13405
-1.13405
-1.13405
-1.13405
-1.13405
-1.13405
-1.13405
-1.13405
-1.13405
-1.13405
-1.13405
-1.13405
-1.13405
-1.13405
-1.13405
-1.13405
-1.13405
-1.13405
-1.13405
-1.13405
-1.13405
-1.13405
-1.13405
-1.13405
-1.13405
-1.13405
-1.13405
-1.13405
-1.13405
-1.13405
-1.13405
-1.13405
-1.13405
-1.13405
-1.13405
-1.13405
-1.13405
-1.13405
-1.13405
-1.13405
-1.13405
-1.13405
-1.13405
-1.13405
-1.13405
-1.13405
-1.13405
-1.13405
-1.13405
-1.13405
-1.13405
-1.13405
-1.13405
-1.13405
-1.13405
-1.13405
-1.13405
-1.13405
-1.13405
-1.13405
-1.13405
-1.13405
-1.13405
-1.13405
-1.13405
-1.13405
-1.13405
-1.13405
-1.13405
-1.13405
-1.13405
-1.13405
-1.13405
-1.13405
-1.13405
-1.13405
-1.13405
-1.13405
-1.13405
-1.13405
-1.13405
-1.13405
-1.13405
-1.13405
-1.13405
-1.13405
-1.13405
-1.13405
-1.13405
-1.13405
-1.13405
-1.13405
-1.13405
-1.13405
-1.13405
-1.13405
-1.13405
-1.13405
-1.13405
-1.13405
-1.13405
-1.13405
-1.13405
-1.13405
-1.13405
-1.13405
-1.13405
-1.13405
-1.13405
-1.13405
-1.13405
-1.13405
-1.13405
-1.13405
-1.13405
-1.13405
-1.13405
-1.13405
-1.13405
-1.13405
-1.13405
-1.13405
-1.13405
-1.13405
-1.13405
-1.13405
-1.13405
-1.13405
-1.13405
-1.13405
-1.13405
-1.13405
-1.13405
-1.13405
-1.13405
-1.13405
-1.13405
-1.13405
-1.13405
-1.13405
-1.13405
-1.13405
-1.13405
-1.13405
-1.13405
-1.13405
-1.13405
-1.13405
-1.13405
-1.13405
-1.13405
-1.13405
-1.13405
-1.13405
-1.13405
-1.13405
-1.13405
-1.13405
-1.13405
-1.13405
-1.13405
-1.13405
-1.13405
-1.13405
-1.13405
-1.13405
-1.13405
-1.13405
-1.13405
-1.13405
-1.13405
-1.13405
-1.13405
-1.13405
-1.13405
-1.13405
-1.13405
-1.13405
-1.13405
-1.13405
-1.13405
-1.13405
-1.13405
-1.13405
-1.13405
-1.13405
-1.13405
-1.13405
-1.13405
-1.13405
-1.13405
-1.13405
-1.13405
-1.13405
-1.13405
-1.13405
-1.13405
-1.13405
-1.13405
-1.13405
-1.13405
-1.13405
-1.13405
-1.13405
-1.13405
-1.13405
-1.13405
-1.13405
-1.13405
-1.13405
-1.13405
-1.13405
-1.13405
-1.13405
-1.13405
-1.13405
-1.13405
-1.13405
-1.13405
-1.13405
-1.13405
-1.13405
-1.13405
-1.13405
-1.13405
-1.13405
-1.13405
-1.13405
-1.13405
-1.13405
-1.13405
-1.13405
-1.13405
-1.13405
-1.13405
-1.13405
-1.13405
-1.13405
-1.13405
-1.13405
-1.13405
-1.13405
-1.13405
-1.13405
-1.13405
-1.13405
-1.13405
-1.13405
-1.13405
-1.13405
-1.13405
-1.13405
-1.13405
-1.13405
-1.13405
-1.13405
-1.13405
-1.13405
-1.13405
-1.13405
-1.13405
-1.13405
-1.13405
-1.13405
-1.13405
-1.13405
-1.13405
-1.13405
-1.13405
-1.13405
-1.13405
-1.13405
-1.13405
-1.13405
-1.13405
-1.13405
-1.13405
-1.13405
-1.13405
-1.13405
-1.13405
-1.13405
-1.13405
-1.13405
-1.13405
-1.13405
-1.13405
-1.13405
-1.13405
-1.13405
-1.13405
-1.13405
-1.13405
-1.13405
-1.13405
-1.13405
-1.13405
-1.13405
-1.13405
-1.13405
-1.13405
-1.13405
-1.13405
-1.13405
-1.13405
-1.13405
-1.13405
-1.13405
-1.13405
-1.13405
-1.13405
-1.13405
-1.13405
-1.13405
-1.13405
-1.13405
-1.13405
-1.13405
-1.13405
-1.13405
-1.13405
-1.13405
-1.13405
-1.13405
-1.13405
-1.13405
-1.13405
-1.13405
-1.13405
-1.13405
-1.13405
-1.13405
-1.13405
-1.13405
-1.13405
-1.13406
-1.13406
-1.13406
-1.13406
-1.13406
-1.13406
-1.13406
-1.13406
-1.13406
-1.13406
-1.13406
-1.13406
-1.13406
-1.13406
-1.13406
-1.13406
-1.13406
-1.13406
-1.13406
-1.13406
-1.13406
-1.13406
-1.13406
-1.13406
-1.13406
-1.13406
-1.13406
-1.13406
-1.13406
-1.13406
-1.13406
-1.13406
-1.13406
-1.13406
-1.13406
-1.13406
-1.13406
-1.13406
-1.13406
-1.13406
-1.13406
-1.13406
-1.13406
-1.13406
-1.13406
-1.13406
-1.13406
-1.13406
-1.13406
-1.13406
-1.13406
-1.13406
-1.13406
-1.13406
-1.13406
-1.13406
-1.13406
-1.13406
-1.13406
-1.13406
-1.13406
-1.13406
-1.13406
-1.13406
-1.13406
-1.13406
-1.13406
-1.13406
-1.13406
-1.13406
-1.13406
-1.13406
-1.13406
-1.13406
-1.13406
-1.13406
-1.13406
-1.13406
-1.13406
-1.13406
-1.13406
-1.13406
-1.13406
-1.13406
-1.13406
-1.13406
-1.13406
-1.13406
-1.13406
-1.13406
-1.13406
-1.13406
-1.13406
-1.13406
-1.13406
-1.13406
-1.13406
-1.13406
-1.13406
-1.13406
-1.13406
-1.13406
-1.13406
-1.13406
-1.13406
-1.13406
-1.13406
-1.13406
-1.13406
-1.13406
-1.13406
-1.13406
-1.13406
-1.13406
-1.13406
-1.13406
-1.13406
-1.13406
-1.13406
-1.13406
-1.13406
-1.13406
-1.13406
-1.13406
-1.13406
-1.13406
-1.13406
-1.13406
-1.13406
-1.13406
-1.13406
-1.13406
-1.13406
-1.13406
-1.13406
-1.13406
-1.13406
-1.13406
-1.13406
-1.13406
-1.13406
-1.13406
-1.13406
-1.13406
-1.13406
-1.13406
-1.13406
-1.13406
-1.13406
-1.13406
-1.13406
-1.13406
-1.13406
-1.13406
-1.13406
-1.13406
-1.13406
-1.13406
-1.13406
-1.13406
-1.13406
-1.13406
-1.13406
-1.13406
-1.13406
-1.13406
-1.13406
-1.13406
-1.13406
-1.13406
-1.13406
-1.13406
-1.13406
-1.13406
-1.13406
-1.13406
-1.13406
-1.13406
-1.13406
-1.13406
-1.13406
-1.13406
-1.13406
-1.13406
-1.13406
-1.13406
-1.13406
-1.13406
-1.13406
-1.13406
-1.13406
-1.13406
-1.13406
-1.13406
-1.13406
-1.13406
-1.13406
-1.13406
-1.13406
-1.13406
-1.13406
-1.13406
-1.13406
-1.13406
-1.13406
-1.13406
-1.13406
-1.13406
-1.13406
-1.13406
-1.13406
-1.13406
-1.13406
-1.13406
-1.13406
-1.13406
-1.13406
-1.13406
-1.13406
-1.13406
-1.13406
-1.13406
-1.13406
-1.13406
-1.13406
-1.13406
-1.13406
-1.13406
-1.13406
-1.13406
-1.13406
-1.13406
-1.13406
-1.13406
-1.13406
-1.13406
-1.13406
-1.13406
-1.13406
-1.13406
-1.13406
-1.13406
-1.13406
-1.13406
-1.13406
-1.13406
-1.13406
-1.13406
-1.13406
-1.13406
-1.13406
-1.13406
-1.13406
-1.13406
-1.13406
-1.13406
-1.13406
-1.13406
-1.13406
-1.13406
-1.13406
-1.13406
-1.13406
-1.13406
-1.13406
-1.13406
-1.13406
-1.13406
-1.13406
-1.13406
-1.13406
-1.13406
-1.13406
-1.13406
-1.13406
-1.13406
-1.13406
-1.13406
-1.13406
-1.13406
-1.13406
-1.13406
-1.13406
-1.13406
-1.13406
-1.13406
-1.13406
-1.13406
-1.13406
-1.13406
-1.13406
-1.13406
-1.13406
-1.13406
-1.13406
-1.13406
-1.13406
-1.13406
-1.13406
-1.13406
-1.13406
-1.13406
-1.13406
-1.13406
-1.13406
-1.13406
-1.13406
-1.13406
-1.13406
-1.13406
-1.13406
-1.13406
-1.13406
-1.13406
-1.13406
-1.13406
-1.13406
-1.13406
-1.13406
-1.13406
-1.13406
-1.13406
-1.13406
-1.13406
-1.13406
-1.13406
-1.13406
-1.13406
-1.13406
-1.13406
-1.13406
-1.13406
-1.13406
-1.13406
-1.13406
-1.13406
-1.13406
-1.13406
-1.13406
-1.13406
-1.13406
-1.13406
-1.13406
-1.13406
-1.13406
-1.13406
-1.13406
-1.13406
-1.13406
-1.13406
-1.13406
-1.13406
-1.13406
-1.13406
-1.13406
-1.13406
-1.13406
-1.13406
-1.13406
-1.13406
-1.13406
-1.13406
-1.13406
-1.13406
-1.13406
-1.13406
-1.13406
-1.13406
-1.13406
-1.13406
-1.13406
-1.13406
-1.13406
-1.13406
-1.13406
-1.13406
-1.13406
-1.13406
-1.13406
-1.13406
-1.13406
-1.13406
-1.13406
-1.13406
-1.13406
-1.13406
-1.13406
-1.13406
-1.13406
-1.13407
-1.13407
-1.13407
-1.13407
-1.13407
-1.13407
-1.13407
-1.13407
-1.13407
-1.13407
-1.13407
-1.13407
-1.13407
-1.13407
-1.13407
-1.13407
-1.13407
-1.13407
-1.13407
-1.13407
-1.13407
-1.13407
-1.13407
-1.13407
-1.13407
-1.13407
-1.13407
-1.13407
-1.13407
-1.13407
-1.13407
-1.13407
-1.13407
-1.13407
-1.13407
-1.13407
-1.13407
-1.13407
-1.13407
-1.13407
-1.13407
-1.13407
-1.13407
-1.13407
-1.13407
-1.13407
-1.13407
-1.13407
-1.13407
-1.13407
-1.13407
-1.13407
-1.13407
-1.13407
-1.13407
-1.13407
-1.13407
-1.13407
-1.13407
-1.13407
-1.13407
-1.13407
-1.13407
-1.13407
-1.13407
-1.13407
-1.13407
-1.13407
-1.13407
-1.13407
-1.13407
-1.13407
-1.13407
-1.13407
-1.13407
-1.13407
-1.13407
-1.13407
-1.13407
-1.13407
-1.13407
-1.13407
-1.13407
-1.13407
-1.13407
-1.13407
-1.13407
-1.13407
-1.13407
-1.13407
-1.13407
-1.13407
-1.13407
-1.13407
-1.13407
-1.13407
-1.13407
-1.13407
-1.13407
-1.13407
-1.13407
-1.13407
-1.13407
-1.13407
-1.13407
-1.13407
-1.13407
-1.13407
-1.13407
-1.13407
-1.13407
-1.13407
-1.13407
-1.13407
-1.13407
-1.13407
-1.13407
-1.13407
-1.13407
-1.13407
-1.13407
-1.13407
-1.13407
-1.13407
-1.13407
-1.13407
-1.13407
-1.13407
-1.13407
-1.13407
-1.13407
-1.13407
-1.13407
-1.13407
-1.13407
-1.13407
-1.13407
-1.13407
-1.13407
-1.13407
-1.13407
-1.13407
-1.13407
-1.13407
-1.13407
-1.13407
-1.13407
-1.13407
-1.13407
-1.13407
-1.13407
-1.13407
-1.13407
-1.13407
-1.13407
-1.13407
-1.13407
-1.13407
-1.13407
-1.13407
-1.13407
-1.13407
-1.13407
-1.13407
-1.13407
-1.13407
-1.13407
-1.13407
-1.13407
-1.13407
-1.13407
-1.13407
-1.13407
-1.13407
-1.13407
-1.13407
-1.13407
-1.13407
-1.13407
-1.13407
-1.13407
-1.13407
-1.13407
-1.13407
-1.13407
-1.13407
-1.13407
-1.13407
-1.13407
-1.13407
-1.13407
-1.13407
-1.13407
-1.13407
-1.13407
-1.13407
-1.13407
-1.13407
-1.13407
-1.13407
-1.13407
-1.13407
-1.13407
-1.13407
-1.13407
-1.13407
-1.13407
-1.13407
-1.13407
-1.13407
-1.13407
-1.13407
-1.13407
-1.13407
-1.13407
-1.13407
-1.13407
-1.13407
-1.13407
-1.13407
-1.13407
-1.13407
-1.13407
-1.13407
-1.13407
-1.13407
-1.13407
-1.13407
-1.13407
-1.13407
-1.13407
-1.13407
-1.13407
-1.13407
-1.13407
-1.13407
-1.13407
-1.13407
-1.13407
-1.13407
-1.13407
-1.13407
-1.13407
-1.13407
-1.13407
-1.13407
-1.13407
-1.13407
-1.13407
-1.13407
-1.13407
-1.13407
-1.13407
-1.13407
-1.13407
-1.13407
-1.13407
-1.13407
-1.13407
-1.13407
-1.13407
-1.13407
-1.13407
-1.13407
-1.13407
-1.13407
-1.13407
-1.13407
-1.13407
-1.13407
-1.13407
-1.13407
-1.13407
-1.13407
-1.13407
-1.13407
-1.13407
-1.13407
-1.13407
-1.13407
-1.13407
-1.13407
-1.13407
-1.13407
-1.13407
-1.13407
-1.13407
-1.13407
-1.13407
-1.13407
-1.13407
-1.13407
-1.13407
-1.13407
-1.13407
-1.13407
-1.13407
-1.13407
-1.13407
-1.13407
-1.13407
-1.13407
-1.13407
-1.13407
-1.13407
-1.13407
-1.13407
-1.13407
-1.13407
-1.13407
-1.13407
-1.13407
-1.13407
-1.13407
-1.13407
-1.13407
-1.13407
-1.13407
-1.13407
-1.13407
-1.13407
-1.13407
-1.13407
-1.13407
-1.13407
-1.13407
-1.13407
-1.13407
-1.13407
-1.13407
-1.13407
-1.13407
-1.13407
-1.13407
-1.13407
-1.13407
-1.13407
-1.13407
-1.13407
-1.13407
-1.13407
-1.13407
-1.13407
-1.13407
-1.13407
-1.13407
-1.13407
-1.13407
-1.13407
-1.13407
-1.13407
-1.13407
-1.13407
-1.13407
-1.13407
-1.13407
-1.13407
-1.13407
-1.13407
-1.13407
-1.13407
-1.13407
-1.13407
-1.13407
-1.13407
-1.13407
-1.13407
-1.13407
-1.13407
-1.13407
-1.13407
-1.13407
-1.13407
-1.13407
-1.13407
-1.13407
-1.13407
-1.13407
-1.13407
-1.13407
-1.13407
-1.13407
-1.13407
-1.13407
-1.13407
-1.13407
-1.13407
-1.13407
-1.13407
-1.13407
-1.13407
-1.13407
-1.13407
-1.13407
-1.13407
-1.13407
-1.13407
-1.13407
-1.13407
-1.13407
-1.13407
-1.13407
-1.13407
-1.13407
-1.13407
-1.13407
-1.13407
-1.13407
-1.13407
-1.13407
-1.13407
-1.13407
-1.13407
-1.13407
-1.13407
-1.13407
-1.13407
-1.13407
-1.13407
-1.13407
-1.13407
-1.13407
-1.13407
-1.13407
-1.13407
-1.13407
-1.13407
-1.13407
-1.13407
-1.13407
-1.13407
-1.13407
-1.13407
-1.13407
-1.13407
-1.13407
-1.13407
-1.13407
-1.13407
-1.13407
-1.13407
-1.13407
-1.13407
-1.13407
-1.13407
-1.13407
-1.13407
-1.13407
-1.13407
-1.13407
-1.13407
-1.13407
-1.13407
-1.13407
-1.13407
-1.13407
-1.13407
-1.13407
-1.13407
-1.13407
-1.13407
-1.13407
-1.13407
-1.13407
-1.13407
-1.13407
-1.13407
-1.13407
-1.13407
-1.13407
-1.13407
-1.13408
-1.13408
-1.13408
-1.13408
-1.13408
-1.13408
-1.13408
-1.13408
-1.13408
-1.13408
-1.13408
-1.13408
-1.13408
-1.13408
-1.13408
-1.13408
-1.13408
-1.13408
-1.13408
-1.13408
-1.13408
-1.13408
-1.13408
-1.13408
-1.13408
-1.13408
-1.13408
-1.13408
-1.13408
-1.13408
-1.13408
-1.13408
-1.13408
-1.13408
-1.13408
-1.13408
-1.13408
-1.13408
-1.13408
-1.13408
-1.13408
-1.13408
-1.13408
-1.13408
-1.13408
-1.13408
-1.13408
-1.13408
-1.13408
-1.13408
-1.13408
-1.13408
-1.13408
-1.13408
-1.13408
-1.13408
-1.13408
-1.13408
-1.13408
-1.13408
-1.13408
-1.13408
-1.13408
-1.13408
-1.13408
-1.13408
-1.13408
-1.13408
-1.13408
-1.13408
-1.13408
-1.13408
-1.13408
-1.13408
-1.13408
-1.13408
-1.13408
-1.13408
-1.13408
-1.13408
-1.13408
-1.13408
-1.13408
-1.13408
-1.13408
-1.13408
-1.13408
-1.13408
-1.13408
-1.13408
-1.13408
-1.13408
-1.13408
-1.13408
-1.13408
-1.13408
-1.13408
-1.13408
-1.13408
-1.13408
-1.13408
-1.13408
-1.13408
-1.13408
-1.13408
-1.13408
-1.13408
-1.13408
-1.13408
-1.13408
-1.13408
-1.13408
-1.13408
-1.13408
-1.13408
-1.13408
-1.13408
-1.13408
-1.13408
-1.13408
-1.13408
-1.13408
-1.13408
-1.13408
-1.13408
-1.13408
-1.13408
-1.13408
-1.13408
-1.13408
-1.13408
-1.13408
-1.13408
-1.13408
-1.13408
-1.13408
-1.13408
-1.13408
-1.13408
-1.13408
-1.13408
-1.13408
-1.13408
-1.13408
-1.13408
-1.13408
-1.13408
-1.13408
-1.13408
-1.13408
-1.13408
-1.13408
-1.13408
-1.13408
-1.13408
-1.13408
-1.13408
-1.13408
-1.13408
-1.13408
-1.13408
-1.13408
-1.13408
-1.13408
-1.13408
-1.13408
-1.13408
-1.13408
-1.13408
-1.13408
-1.13408
-1.13408
-1.13408
-1.13408
-1.13408
-1.13408
-1.13408
-1.13408
-1.13408
-1.13408
-1.13408
-1.13408
-1.13408
-1.13408
-1.13408
-1.13408
-1.13408
-1.13408
-1.13408
-1.13408
-1.13408
-1.13408
-1.13408
-1.13408
-1.13408
-1.13408
-1.13408
-1.13408
-1.13408
-1.13408
-1.13408
-1.13408
-1.13408
-1.13408
-1.13408
-1.13408
-1.13408
-1.13408
-1.13408
-1.13408
-1.13408
-1.13408
-1.13408
-1.13408
-1.13408
-1.13408
-1.13408
-1.13408
-1.13408
-1.13408
-1.13408
-1.13408
-1.13408
-1.13408
-1.13408
-1.13408
-1.13408
-1.13408
-1.13408
-1.13408
-1.13408
-1.13408
-1.13408
-1.13408
-1.13408
-1.13408
-1.13408
-1.13408
-1.13408
-1.13408
-1.13408
-1.13408
-1.13408
-1.13408
-1.13408
-1.13408
-1.13408
-1.13408
-1.13408
-1.13408
-1.13408
-1.13408
-1.13408
-1.13408
-1.13408
-1.13408
-1.13408
-1.13408
-1.13408
-1.13408
-1.13408
-1.13408
-1.13408
-1.13408
-1.13408
-1.13408
-1.13408
-1.13408
-1.13408
-1.13408
-1.13408
-1.13408
-1.13408
-1.13408
-1.13408
-1.13408
-1.13408
-1.13408
-1.13408
-1.13408
-1.13408
-1.13408
-1.13408
-1.13408
-1.13408
-1.13408
-1.13408
-1.13408
-1.13408
-1.13408
-1.13408
-1.13408
-1.13408
-1.13408
-1.13408
-1.13408
-1.13408
-1.13408
-1.13408
-1.13408
-1.13408
-1.13408
-1.13408
-1.13408
-1.13408
-1.13408
-1.13408
-1.13408
-1.13408
-1.13408
-1.13408
-1.13408
-1.13408
-1.13408
-1.13408
-1.13408
-1.13408
-1.13408
-1.13408
-1.13408
-1.13408
-1.13408
-1.13408
-1.13408
-1.13408
-1.13408
-1.13408
-1.13408
-1.13408
-1.13408
-1.13408
-1.13408
-1.13408
-1.13408
-1.13408
-1.13408
-1.13408
-1.13408
-1.13408
-1.13408
-1.13408
-1.13408
-1.13408
-1.13408
-1.13408
-1.13408
-1.13408
-1.13408
-1.13408
-1.13408
-1.13408
-1.13408
-1.13408
-1.13408
-1.13408
-1.13408
-1.13408
-1.13408
-1.13408
-1.13408
-1.13408
-1.13408
-1.13408
-1.13408
-1.13408
-1.13408
-1.13408
-1.13408
-1.13408
-1.13408
-1.13408
-1.13408
-1.13408
-1.13408
-1.13408
-1.13408
-1.13408
-1.13408
-1.13408
-1.13408
-1.13408
-1.13408
-1.13408
-1.13408
-1.13408
-1.13408
-1.13408
-1.13408
-1.13408
-1.13408
-1.13408
-1.13408
-1.13408
-1.13408
-1.13408
-1.13408
-1.13408
-1.13408
-1.13408
-1.13408
-1.13408
-1.13408
-1.13409
-1.13409
-1.13409
-1.13409
-1.13409
-1.13409
-1.13409
-1.13409
-1.13409
-1.13409
-1.13409
-1.13409
-1.13409
-1.13409
-1.13409
-1.13409
-1.13409
-1.13409
-1.13409
-1.13409
-1.13409
-1.13409
-1.13409
-1.13409
-1.13409
-1.13409
-1.13409
-1.13409
-1.13409
-1.13409
-1.13409
-1.13409
-1.13409
-1.13409
-1.13409
-1.13409
-1.13409
-1.13409
-1.13409
-1.13409
-1.13409
-1.13409
-1.13409
-1.13409
-1.13409
-1.13409
-1.13409
-1.13409
-1.13409
-1.13409
-1.13409
-1.13409
-1.13409
-1.13409
-1.13409
-1.13409
-1.13409
-1.13409
-1.13409
-1.13409
-1.13409
-1.13409
-1.13409
-1.13409
-1.13409
-1.13409
-1.13409
-1.13409
-1.13409
-1.13409
-1.13409
-1.13409
-1.13409
-1.13409
-1.13409
-1.13409
-1.13409
-1.13409
-1.13409
-1.13409
-1.13409
-1.13409
-1.13409
-1.13409
-1.13409
-1.13409
-1.13409
-1.13409
-1.13409
-1.13409
-1.13409
-1.13409
-1.13409
-1.13409
-1.13409
-1.13409
-1.13409
-1.13409
-1.13409
-1.13409
-1.13409
-1.13409
-1.13409
-1.13409
-1.13409
-1.13409
-1.13409
-1.13409
-1.13409
-1.13409
-1.13409
-1.13409
-1.13409
-1.13409
-1.13409
-1.13409
-1.13409
-1.13409
-1.13409
-1.13409
-1.13409
-1.13409
-1.13409
-1.13409
-1.13409
-1.13409
-1.13409
-1.13409
-1.13409
-1.13409
-1.13409
-1.13409
-1.13409
-1.13409
-1.13409
-1.13409
-1.13409
-1.13409
-1.13409
-1.13409
-1.13409
-1.13409
-1.13409
-1.13409
-1.13409
-1.13409
-1.13409
-1.13409
-1.13409
-1.13409
-1.13409
-1.13409
-1.13409
-1.13409
-1.13409
-1.13409
-1.13409
-1.13409
-1.13409
-1.13409
-1.13409
-1.13409
-1.13409
-1.13409
-1.13409
-1.13409
-1.13409
-1.13409
-1.13409
-1.13409
-1.13409
-1.13409
-1.13409
-1.13409
-1.13409
-1.13409
-1.13409
-1.13409
-1.13409
-1.13409
-1.13409
-1.13409
-1.13409
-1.13409
-1.13409
-1.13409
-1.13409
-1.13409
-1.13409
-1.13409
-1.13409
-1.13409
-1.13409
-1.13409
-1.13409
-1.13409
-1.13409
-1.13409
-1.13409
-1.13409
-1.13409
-1.13409
-1.13409
-1.13409
-1.13409
-1.13409
-1.13409
-1.13409
-1.13409
-1.13409
-1.13409
-1.13409
-1.13409
-1.13409
-1.13409
-1.13409
-1.13409
-1.13409
-1.13409
-1.13409
-1.13409
-1.13409
-1.13409
-1.13409
-1.13409
-1.13409
-1.13409
-1.13409
-1.13409
-1.13409
-1.13409
-1.13409
-1.13409
-1.13409
-1.13409
-1.13409
-1.13409
-1.13409
-1.13409
-1.13409
-1.13409
-1.13409
-1.13409
-1.13409
-1.13409
-1.13409
-1.13409
-1.13409
-1.13409
-1.13409
-1.13409
-1.13409
-1.13409
-1.13409
-1.13409
-1.13409
-1.13409
-1.13409
-1.13409
-1.13409
-1.13409
-1.13409
-1.13409
-1.13409
-1.13409
-1.13409
-1.13409
-1.13409
-1.13409
-1.13409
-1.13409
-1.13409
-1.13409
-1.13409
-1.13409
-1.13409
-1.13409
-1.13409
-1.13409
-1.13409
-1.13409
-1.13409
-1.13409
-1.13409
-1.13409
-1.13409
-1.13409
-1.13409
-1.13409
-1.13409
-1.13409
-1.13409
-1.13409
-1.13409
-1.13409
-1.13409
-1.13409
-1.13409
-1.13409
-1.13409
-1.13409
-1.13409
-1.13409
-1.13409
-1.13409
-1.13409
-1.13409
-1.13409
-1.13409
-1.13409
-1.13409
-1.13409
-1.13409
-1.13409
-1.13409
-1.13409
-1.13409
-1.13409
-1.13409
-1.13409
-1.13409
-1.13409
-1.13409
-1.13409
-1.13409
-1.13409
-1.13409
-1.13409
-1.13409
-1.13409
-1.13409
-1.13409
-1.13409
-1.13409
-1.13409
-1.13409
-1.13409
-1.13409
-1.13409
-1.13409
-1.13409
-1.13409
-1.13409
-1.13409
-1.13409
-1.13409
-1.13409
-1.13409
-1.13409
-1.13409
-1.13409
-1.13409
-1.13409
-1.13409
-1.13409
-1.13409
-1.13409
-1.13409
-1.13409
-1.13409
-1.13409
-1.13409
-1.13409
-1.13409
-1.13409
-1.13409
-1.13409
-1.13409
-1.13409
-1.13409
-1.13409
-1.13409
-1.13409
-1.13409
-1.13409
-1.13409
-1.13409
-1.13409
-1.13409
-1.13409
-1.13409
-1.13409
-1.13409
-1.13409
-1.13409
-1.13409
-1.13409
-1.13409
-1.13409
-1.13409
-1.13409
-1.13409
-1.13409
-1.13409
-1.13409
-1.13409
-1.13409
-1.13409
-1.13409
-1.13409
-1.13409
-1.1341
-1.1341
-1.1341
-1.1341
-1.1341
-1.1341
-1.1341
-1.1341
-1.1341
-1.1341
-1.1341
-1.1341
-1.1341
-1.1341
-1.1341
-1.1341
-1.1341
-1.1341
-1.1341
-1.1341
-1.1341
-1.1341
-1.1341
-1.1341
-1.1341
-1.1341
-1.1341
-1.1341
-1.1341
-1.1341
-1.1341
-1.1341
-1.1341
-1.1341
-1.1341
-1.1341
-1.1341
-1.1341
-1.1341
-1.1341
-1.1341
-1.1341
-1.1341
-1.1341
-1.1341
-1.1341
-1.1341
-1.1341
-1.1341
-1.1341
-1.1341
-1.1341
-1.1341
-1.1341
-1.1341
-1.1341
-1.1341
-1.1341
-1.1341
-1.1341
-1.1341
-1.1341
-1.1341
-1.1341
-1.1341
-1.1341
-1.1341
-1.1341
-1.1341
-1.1341
-1.1341
-1.1341
-1.1341
-1.1341
-1.1341
-1.1341
-1.1341
-1.1341
-1.1341
-1.1341
-1.1341
-1.1341
-1.1341
-1.1341
-1.1341
-1.1341
-1.1341
-1.1341
-1.1341
-1.1341
-1.1341
-1.1341
-1.1341
-1.1341
-1.1341
-1.1341
-1.1341
-1.1341
-1.1341
-1.1341
-1.1341
-1.1341
-1.1341
-1.1341
-1.1341
-1.1341
-1.1341
-1.1341
-1.1341
-1.1341
-1.1341
-1.1341
-1.1341
-1.1341
-1.1341
-1.1341
-1.1341
-1.1341
-1.1341
-1.1341
-1.1341
-1.1341
-1.1341
-1.1341
-1.1341
-1.1341
-1.1341
-1.1341
-1.1341
-1.1341
-1.1341
-1.1341
-1.1341
-1.1341
-1.1341
-1.1341
-1.1341
-1.1341
-1.1341
-1.1341
-1.1341
-1.1341
-1.1341
-1.1341
-1.1341
-1.1341
-1.1341
-1.1341
-1.1341
-1.1341
-1.1341
-1.1341
-1.1341
-1.1341
-1.1341
-1.1341
-1.1341
-1.1341
-1.1341
-1.1341
-1.1341
-1.1341
-1.1341
-1.1341
-1.1341
-1.1341
-1.1341
-1.1341
-1.1341
-1.1341
-1.1341
-1.1341
-1.1341
-1.1341
-1.1341
-1.1341
-1.1341
-1.1341
-1.1341
-1.1341
-1.1341
-1.1341
-1.1341
-1.1341
-1.1341
-1.1341
-1.1341
-1.1341
-1.1341
-1.1341
-1.1341
-1.1341
-1.1341
-1.1341
-1.1341
-1.1341
-1.1341
-1.1341
-1.1341
-1.1341
-1.1341
-1.1341
-1.1341
-1.1341
-1.1341
-1.1341
-1.1341
-1.1341
-1.1341
-1.1341
-1.1341
-1.1341
-1.1341
-1.1341
-1.1341
-1.1341
-1.1341
-1.1341
-1.1341
-1.1341
-1.1341
-1.1341
-1.1341
-1.1341
-1.1341
-1.1341
-1.1341
-1.1341
-1.1341
-1.1341
-1.1341
-1.1341
-1.1341
-1.1341
-1.1341
-1.1341
-1.1341
-1.1341
-1.1341
-1.1341
-1.1341
-1.1341
-1.1341
-1.1341
-1.1341
-1.1341
-1.1341
-1.1341
-1.1341
-1.1341
-1.1341
-1.1341
-1.1341
-1.1341
-1.1341
-1.1341
-1.1341
-1.1341
-1.1341
-1.1341
-1.1341
-1.1341
-1.1341
-1.1341
-1.1341
-1.1341
-1.1341
-1.1341
-1.1341
-1.1341
-1.1341
-1.1341
-1.1341
-1.1341
-1.1341
-1.1341
-1.1341
-1.1341
-1.1341
-1.1341
-1.1341
-1.1341
-1.1341
-1.1341
-1.1341
-1.1341
-1.1341
-1.1341
-1.1341
-1.1341
-1.1341
-1.1341
-1.1341
-1.1341
-1.1341
-1.1341
-1.1341
-1.1341
-1.1341
-1.1341
-1.1341
-1.1341
-1.1341
-1.1341
-1.1341
-1.1341
-1.1341
-1.1341
-1.1341
-1.1341
-1.1341
-1.1341
-1.1341
-1.1341
-1.1341
-1.1341
-1.1341
-1.1341
-1.1341
-1.1341
-1.1341
-1.1341
-1.1341
-1.1341
-1.1341
-1.1341
-1.1341
-1.1341
-1.1341
-1.1341
-1.1341
-1.1341
-1.1341
-1.1341
-1.1341
-1.1341
-1.1341
-1.1341
-1.1341
-1.1341
-1.1341
-1.1341
-1.1341
-1.1341
-1.1341
-1.1341
-1.1341
-1.1341
-1.1341
-1.1341
-1.1341
-1.1341
-1.1341
-1.1341
-1.1341
-1.1341
-1.1341
-1.1341
-1.1341
-1.1341
-1.1341
-1.1341
-1.1341
-1.1341
-1.1341
-1.1341
-1.1341
-1.1341
-1.1341
-1.1341
-1.1341
-1.1341
-1.1341
-1.1341
-1.1341
-1.1341
-1.1341
-1.1341
-1.1341
-1.1341
-1.1341
-1.1341
-1.1341
-1.1341
-1.1341
-1.1341
-1.1341
-1.1341
-1.1341
-1.1341
-1.1341
-1.1341
-1.1341
-1.1341
-1.1341
-1.1341
-1.1341
-1.1341
-1.1341
-1.1341
-1.1341
-1.1341
-1.1341
-1.1341
-1.1341
-1.1341
-1.1341
-1.1341
-1.1341
-1.1341
-1.1341
-1.1341
-1.1341
-1.1341
-1.1341
-1.1341
-1.1341
-1.1341
-1.1341
-1.1341
-1.1341
-1.1341
-1.1341
-1.1341
-1.1341
-1.1341
-1.1341
-1.1341
-1.1341
-1.1341
-1.1341
-1.1341
-1.1341
-1.1341
-1.1341
-1.1341
-1.1341
-1.1341
-1.1341
-1.1341
-1.1341
-1.1341
-1.1341
-1.1341
-1.1341
-1.1341
-1.1341
-1.1341
-1.1341
-1.1341
-1.1341
-1.1341
-1.1341
-1.1341
-1.1341
-1.1341
-1.1341
-1.1341
-1.1341
-1.1341
-1.1341
-1.1341
-1.1341
-1.1341
-1.1341
-1.1341
-1.1341
-1.1341
-1.1341
-1.1341
-1.1341
-1.1341
-1.1341
-1.1341
-1.1341
-1.1341
-1.1341
-1.1341
-1.1341
-1.1341
-1.1341
-1.1341
-1.1341
-1.1341
-1.1341
-1.1341
-1.1341
-1.1341
-1.1341
-1.1341
-1.1341
-1.1341
-1.1341
-1.1341
-1.1341
-1.1341
-1.1341
-1.1341
-1.13411
-1.13411
-1.13411
-1.13411
-1.13411
-1.13411
-1.13411
-1.13411
-1.13411
-1.13411
-1.13411
-1.13411
-1.13411
-1.13411
-1.13411
-1.13411
-1.13411
-1.13411
-1.13411
-1.13411
-1.13411
-1.13411
-1.13411
-1.13411
-1.13411
-1.13411
-1.13411
-1.13411
-1.13411
-1.13411
-1.13411
-1.13411
-1.13411
-1.13411
-1.13411
-1.13411
-1.13411
-1.13411
-1.13411
-1.13411
-1.13411
-1.13411
-1.13411
-1.13411
-1.13411
-1.13411
-1.13411
-1.13411
-1.13411
-1.13411
-1.13411
-1.13411
-1.13411
-1.13411
-1.13411
-1.13411
-1.13411
-1.13411
-1.13411
-1.13411
-1.13411
-1.13411
-1.13411
-1.13411
-1.13411
-1.13411
-1.13411
-1.13411
-1.13411
-1.13411
-1.13411
-1.13411
-1.13411
-1.13411
-1.13411
-1.13411
-1.13411
-1.13411
-1.13411
-1.13411
-1.13411
-1.13411
-1.13411
-1.13411
-1.13411
-1.13411
-1.13411
-1.13411
-1.13411
-1.13411
-1.13411
-1.13411
-1.13411
-1.13411
-1.13411
-1.13411
-1.13411
-1.13411
-1.13411
-1.13411
-1.13411
-1.13411
-1.13411
-1.13411
-1.13411
-1.13411
-1.13411
-1.13411
-1.13411
-1.13411
-1.13411
-1.13411
-1.13411
-1.13411
-1.13411
-1.13411
-1.13411
-1.13411
-1.13411
-1.13411
-1.13411
-1.13411
-1.13411
-1.13411
-1.13411
-1.13411
-1.13411
-1.13411
-1.13411
-1.13411
-1.13411
-1.13411
-1.13411
-1.13411
-1.13411
-1.13411
-1.13411
-1.13411
-1.13411
-1.13411
-1.13411
-1.13411
-1.13411
-1.13411
-1.13411
-1.13411
-1.13411
-1.13411
-1.13411
-1.13411
-1.13411
-1.13411
-1.13411
-1.13411
-1.13411
-1.13411
-1.13411
-1.13411
-1.13411
-1.13411
-1.13411
-1.13411
-1.13411
-1.13411
-1.13411
-1.13411
-1.13411
-1.13411
-1.13411
-1.13411
-1.13411
-1.13411
-1.13411
-1.13411
-1.13411
-1.13411
-1.13411
-1.13411
-1.13411
-1.13411
-1.13411
-1.13411
-1.13411
-1.13411
-1.13411
-1.13411
-1.13411
-1.13411
-1.13411
-1.13411
-1.13411
-1.13411
-1.13411
-1.13411
-1.13411
-1.13411
-1.13411
-1.13411
-1.13411
-1.13411
-1.13411
-1.13411
-1.13411
-1.13411
-1.13411
-1.13411
-1.13411
-1.13411
-1.13411
-1.13411
-1.13411
-1.13411
-1.13411
-1.13411
-1.13411
-1.13411
-1.13411
-1.13411
-1.13411
-1.13411
-1.13411
-1.13411
-1.13411
-1.13411
-1.13411
-1.13411
-1.13411
-1.13411
-1.13411
-1.13411
-1.13411
-1.13411
-1.13411
-1.13411
-1.13411
-1.13411
-1.13411
-1.13411
-1.13411
-1.13411
-1.13411
-1.13411
-1.13411
-1.13411
-1.13411
-1.13411
-1.13411
-1.13411
-1.13411
-1.13411
-1.13411
-1.13411
-1.13411
-1.13411
-1.13411
-1.13411
-1.13411
-1.13411
-1.13411
-1.13411
-1.13411
-1.13411
-1.13411
-1.13411
-1.13411
-1.13411
-1.13411
-1.13411
-1.13411
-1.13411
-1.13411
-1.13411
-1.13411
-1.13411
-1.13411
-1.13411
-1.13411
-1.13411
-1.13411
-1.13411
-1.13411
-1.13411
-1.13411
-1.13411
-1.13411
-1.13411
-1.13411
-1.13411
-1.13411
-1.13411
-1.13411
-1.13411
-1.13411
-1.13411
-1.13411
-1.13411
-1.13411
-1.13411
-1.13411
-1.13411
-1.13411
-1.13411
-1.13411
-1.13411
-1.13411
-1.13411
-1.13411
-1.13411
-1.13411
-1.13411
-1.13411
-1.13411
-1.13411
-1.13411
-1.13411
-1.13411
-1.13411
-1.13411
-1.13411
-1.13411
-1.13411
-1.13411
-1.13411
-1.13411
-1.13411
-1.13411
-1.13411
-1.13411
-1.13411
-1.13411
-1.13411
-1.13411
-1.13411
-1.13411
-1.13411
-1.13411
-1.13411
-1.13411
-1.13411
-1.13411
-1.13411
-1.13411
-1.13411
-1.13411
-1.13411
-1.13411
-1.13411
-1.13411
-1.13411
-1.13411
-1.13411
-1.13411
-1.13411
-1.13411
-1.13411
-1.13411
-1.13411
-1.13411
-1.13411
-1.13411
-1.13411
-1.13411
-1.13411
-1.13411
-1.13411
-1.13411
-1.13411
-1.13411
-1.13411
-1.13411
-1.13411
-1.13411
-1.13411
-1.13411
-1.13411
-1.13411
-1.13411
-1.13411
-1.13411
-1.13411
-1.13411
-1.13411
-1.13411
-1.13411
-1.13411
-1.13411
-1.13411
-1.13411
-1.13411
-1.13411
-1.13411
-1.13411
-1.13411
-1.13411
-1.13411
-1.13411
-1.13411
-1.13411
-1.13411
-1.13411
-1.13411
-1.13411
-1.13411
-1.13411
-1.13411
-1.13411
-1.13411
-1.13411
-1.13411
-1.13411
-1.13411
-1.13411
-1.13411
-1.13411
-1.13411
-1.13411
-1.13411
-1.13411
-1.13411
-1.13411
-1.13411
-1.13411
-1.13411
-1.13411
-1.13411
-1.13411
-1.13411
-1.13411
-1.13411
-1.13411
-1.13411
-1.13412
-1.13412
-1.13412
-1.13412
-1.13412
-1.13412
-1.13412
-1.13412
-1.13412
-1.13412
-1.13412
-1.13412
-1.13412
-1.13412
-1.13412
-1.13412
-1.13412
-1.13412
-1.13412
-1.13412
-1.13412
-1.13412
-1.13412
-1.13412
-1.13412
-1.13412
-1.13412
-1.13412
-1.13412
-1.13412
-1.13412
-1.13412
-1.13412
-1.13412
-1.13412
-1.13412
-1.13412
-1.13412
-1.13412
-1.13412
-1.13412
-1.13412
-1.13412
-1.13412
-1.13412
-1.13412
-1.13412
-1.13412
-1.13412
-1.13412
-1.13412
-1.13412
-1.13412
-1.13412
-1.13412
-1.13412
-1.13412
-1.13412
-1.13412
-1.13412
-1.13412
-1.13412
-1.13412
-1.13412
-1.13412
-1.13412
-1.13412
-1.13412
-1.13412
-1.13412
-1.13412
-1.13412
-1.13412
-1.13412
-1.13412
-1.13412
-1.13412
-1.13412
-1.13412
-1.13412
-1.13412
-1.13412
-1.13412
-1.13412
-1.13412
-1.13412
-1.13412
-1.13412
-1.13412
-1.13412
-1.13412
-1.13412
-1.13412
-1.13412
-1.13412
-1.13412
-1.13412
-1.13412
-1.13412
-1.13412
-1.13412
-1.13412
-1.13412
-1.13412
-1.13412
-1.13412
-1.13412
-1.13412
-1.13412
-1.13412
-1.13412
-1.13412
-1.13412
-1.13412
-1.13412
-1.13412
-1.13412
-1.13412
-1.13412
-1.13412
-1.13412
-1.13412
-1.13412
-1.13412
-1.13412
-1.13412
-1.13412
-1.13412
-1.13412
-1.13412
-1.13412
-1.13412
-1.13412
-1.13412
-1.13412
-1.13412
-1.13412
-1.13412
-1.13412
-1.13412
-1.13412
-1.13412
-1.13412
-1.13412
-1.13412
-1.13412
-1.13412
-1.13412
-1.13412
-1.13412
-1.13412
-1.13412
-1.13412
-1.13412
-1.13412
-1.13412
-1.13412
-1.13412
-1.13412
-1.13412
-1.13412
-1.13412
-1.13412
-1.13412
-1.13412
-1.13412
-1.13412
-1.13412
-1.13412
-1.13412
-1.13412
-1.13412
-1.13412
-1.13412
-1.13412
-1.13412
-1.13412
-1.13412
-1.13412
-1.13412
-1.13412
-1.13412
-1.13412
-1.13412
-1.13412
-1.13412
-1.13412
-1.13412
-1.13412
-1.13412
-1.13412
-1.13412
-1.13412
-1.13412
-1.13412
-1.13412
-1.13412
-1.13412
-1.13412
-1.13412
-1.13412
-1.13412
-1.13412
-1.13412
-1.13412
-1.13412
-1.13412
-1.13412
-1.13412
-1.13412
-1.13412
-1.13412
-1.13412
-1.13412
-1.13412
-1.13412
-1.13412
-1.13412
-1.13412
-1.13412
-1.13412
-1.13412
-1.13412
-1.13412
-1.13412
-1.13412
-1.13412
-1.13412
-1.13412
-1.13412
-1.13412
-1.13412
-1.13412
-1.13412
-1.13412
-1.13412
-1.13412
-1.13412
-1.13412
-1.13412
-1.13412
-1.13412
-1.13412
-1.13412
-1.13412
-1.13412
-1.13412
-1.13412
-1.13412
-1.13412
-1.13412
-1.13412
-1.13412
-1.13412
-1.13412
-1.13412
-1.13412
-1.13412
-1.13412
-1.13412
-1.13412
-1.13412
-1.13412
-1.13412
-1.13412
-1.13412
-1.13412
-1.13412
-1.13412
-1.13412
-1.13412
-1.13412
-1.13412
-1.13412
-1.13412
-1.13412
-1.13412
-1.13412
-1.13412
-1.13412
-1.13412
-1.13412
-1.13412
-1.13412
-1.13412
-1.13412
-1.13412
-1.13412
-1.13412
-1.13412
-1.13412
-1.13412
-1.13412
-1.13412
-1.13412
-1.13412
-1.13412
-1.13412
-1.13412
-1.13412
-1.13412
-1.13412
-1.13412
-1.13412
-1.13412
-1.13412
-1.13412
-1.13412
-1.13412
-1.13412
-1.13412
-1.13412
-1.13412
-1.13412
-1.13412
-1.13412
-1.13412
-1.13412
-1.13412
-1.13412
-1.13412
-1.13412
-1.13412
-1.13412
-1.13412
-1.13412
-1.13412
-1.13412
-1.13412
-1.13412
-1.13412
-1.13412
-1.13412
-1.13412
-1.13412
-1.13412
-1.13412
-1.13412
-1.13412
-1.13412
-1.13412
-1.13412
-1.13412
-1.13412
-1.13412
-1.13412
-1.13412
-1.13412
-1.13412
-1.13412
-1.13412
-1.13412
-1.13412
-1.13412
-1.13412
-1.13412
-1.13412
-1.13412
-1.13412
-1.13412
-1.13412
-1.13412
-1.13412
-1.13412
-1.13412
-1.13412
-1.13412
-1.13412
-1.13412
-1.13412
-1.13412
-1.13412
-1.13412
-1.13412
-1.13412
-1.13412
-1.13412
-1.13412
-1.13412
-1.13412
-1.13412
-1.13412
-1.13412
-1.13412
-1.13412
-1.13412
-1.13412
-1.13412
-1.13412
-1.13412
-1.13412
-1.13412
-1.13412
-1.13412
-1.13412
-1.13412
-1.13412
-1.13412
-1.13412
-1.13412
-1.13412
-1.13412
-1.13412
-1.13412
-1.13412
-1.13412
-1.13412
-1.13412
-1.13412
-1.13412
-1.13412
-1.13412
-1.13412
-1.13412
-1.13412
-1.13412
-1.13412
-1.13412
-1.13412
-1.13412
-1.13412
-1.13412
-1.13412
-1.13412
-1.13412
-1.13412
-1.13412
-1.13412
-1.13412
-1.13412
-1.13412
-1.13412
-1.13412
-1.13412
-1.13412
-1.13412
-1.13412
-1.13412
-1.13412
-1.13412
-1.13412
-1.13412
-1.13412
-1.13412
-1.13412
-1.13412
-1.13412
-1.13412
-1.13412
-1.13412
-1.13412
-1.13412
-1.13412
-1.13412
-1.13412
-1.13412
-1.13412
-1.13412
-1.13412
-1.13412
-1.13412
-1.13412
-1.13412
-1.13412
-1.13412
-1.13412
-1.13412
-1.13412
-1.13412
-1.13412
-1.13412
-1.13412
-1.13412
-1.13412
-1.13412
-1.13412
-1.13412
-1.13412
-1.13412
-1.13412
-1.13412
-1.13412
-1.13412
-1.13412
-1.13412
-1.13412
-1.13412
-1.13412
-1.13412
-1.13412
-1.13412
-1.13412
-1.13412
-1.13412
-1.13412
-1.13412
-1.13412
-1.13412
-1.13412
-1.13412
-1.13412
-1.13412
-1.13412
-1.13412
-1.13412
-1.13412
-1.13412
-1.13412
-1.13412
-1.13412
-1.13412
-1.13412
-1.13412
-1.13412
-1.13412
-1.13412
-1.13412
-1.13412
-1.13412
-1.13412
-1.13412
-1.13412
-1.13412
-1.13412
-1.13412
-1.13413
-1.13413
-1.13413
-1.13413
-1.13413
-1.13413
-1.13413
-1.13413
-1.13413
-1.13413
-1.13413
-1.13413
-1.13413
-1.13413
-1.13413
-1.13413
-1.13413
-1.13413
-1.13413
-1.13413
-1.13413
-1.13413
-1.13413
-1.13413
-1.13413
-1.13413
-1.13413
-1.13413
-1.13413
-1.13413
-1.13413
-1.13413
-1.13413
-1.13413
-1.13413
-1.13413
-1.13413
-1.13413
-1.13413
-1.13413
-1.13413
-1.13413
-1.13413
-1.13413
-1.13413
-1.13413
-1.13413
-1.13413
-1.13413
-1.13413
-1.13413
-1.13413
-1.13413
-1.13413
-1.13413
-1.13413
-1.13413
-1.13413
-1.13413
-1.13413
-1.13413
-1.13413
-1.13413
-1.13413
-1.13413
-1.13413
-1.13413
-1.13413
-1.13413
-1.13413
-1.13413
-1.13413
-1.13413
-1.13413
-1.13413
-1.13413
-1.13413
-1.13413
-1.13413
-1.13413
-1.13413
-1.13413
-1.13413
-1.13413
-1.13413
-1.13413
-1.13413
-1.13413
-1.13413
-1.13413
-1.13413
-1.13413
-1.13413
-1.13413
-1.13413
-1.13413
-1.13413
-1.13413
-1.13413
-1.13413
-1.13413
-1.13413
-1.13413
-1.13413
-1.13413
-1.13413
-1.13413
-1.13413
-1.13413
-1.13413
-1.13413
-1.13413
-1.13413
-1.13413
-1.13413
-1.13413
-1.13413
-1.13413
-1.13413
-1.13413
-1.13413
-1.13413
-1.13413
-1.13413
-1.13413
-1.13413
-1.13413
-1.13413
-1.13413
-1.13413
-1.13413
-1.13413
-1.13413
-1.13413
-1.13413
-1.13413
-1.13413
-1.13413
-1.13413
-1.13413
-1.13413
-1.13413
-1.13413
-1.13413
-1.13413
-1.13413
-1.13413
-1.13413
-1.13413
-1.13413
-1.13413
-1.13413
-1.13413
-1.13413
-1.13413
-1.13413
-1.13413
-1.13413
-1.13413
-1.13413
-1.13413
-1.13413
-1.13413
-1.13413
-1.13413
-1.13413
-1.13413
-1.13413
-1.13413
-1.13413
-1.13413
-1.13413
-1.13413
-1.13413
-1.13413
-1.13413
-1.13413
-1.13413
-1.13413
-1.13413
-1.13413
-1.13413
-1.13413
-1.13413
-1.13413
-1.13413
-1.13413
-1.13413
-1.13413
-1.13413
-1.13413
-1.13413
-1.13413
-1.13413
-1.13413
-1.13413
-1.13413
-1.13413
-1.13413
-1.13413
-1.13413
-1.13413
-1.13413
-1.13413
-1.13413
-1.13413
-1.13413
-1.13413
-1.13413
-1.13413
-1.13413
-1.13413
-1.13413
-1.13413
-1.13413
-1.13413
-1.13413
-1.13413
-1.13413
-1.13413
-1.13413
-1.13413
-1.13413
-1.13413
-1.13413
-1.13413
-1.13413
-1.13413
-1.13413
-1.13413
-1.13413
-1.13413
-1.13413
-1.13413
-1.13413
-1.13413
-1.13413
-1.13413
-1.13413
-1.13413
-1.13413
-1.13413
-1.13413
-1.13413
-1.13413
-1.13413
-1.13413
-1.13413
-1.13413
-1.13413
-1.13413
-1.13413
-1.13413
-1.13413
-1.13413
-1.13413
-1.13413
-1.13413
-1.13413
-1.13413
-1.13413
-1.13413
-1.13413
-1.13413
-1.13413
-1.13413
-1.13413
-1.13413
-1.13413
-1.13413
-1.13413
-1.13413
-1.13413
-1.13413
-1.13413
-1.13413
-1.13413
-1.13413
-1.13413
-1.13413
-1.13413
-1.13413
-1.13413
-1.13413
-1.13413
-1.13413
-1.13413
-1.13413
-1.13413
-1.13413
-1.13413
-1.13413
-1.13413
-1.13413
-1.13413
-1.13413
-1.13413
-1.13413
-1.13413
-1.13413
-1.13413
-1.13413
-1.13413
-1.13413
-1.13413
-1.13413
-1.13413
-1.13413
-1.13413
-1.13413
-1.13413
-1.13413
-1.13413
-1.13413
-1.13413
-1.13413
-1.13413
-1.13413
-1.13413
-1.13413
-1.13413
-1.13413
-1.13413
-1.13413
-1.13413
-1.13413
-1.13413
-1.13413
-1.13413
-1.13413
-1.13413
-1.13413
-1.13413
-1.13413
-1.13413
-1.13413
-1.13413
-1.13413
-1.13413
-1.13413
-1.13413
-1.13413
-1.13413
-1.13413
-1.13413
-1.13413
-1.13413
-1.13413
-1.13413
-1.13413
-1.13413
-1.13413
-1.13413
-1.13413
-1.13413
-1.13413
-1.13413
-1.13413
-1.13413
-1.13413
-1.13413
-1.13413
-1.13413
-1.13413
-1.13413
-1.13413
-1.13413
-1.13413
-1.13413
-1.13413
-1.13413
-1.13413
-1.13414
-1.13414
-1.13414
-1.13414
-1.13414
-1.13414
-1.13414
-1.13414
-1.13414
-1.13414
-1.13414
-1.13414
-1.13414
-1.13414
-1.13414
-1.13414
-1.13414
-1.13414
-1.13414
-1.13414
-1.13414
-1.13414
-1.13414
-1.13414
-1.13414
-1.13414
-1.13414
-1.13414
-1.13414
-1.13414
-1.13414
-1.13414
-1.13414
-1.13414
-1.13414
-1.13414
-1.13414
-1.13414
-1.13414
-1.13414
-1.13414
-1.13414
-1.13414
-1.13414
-1.13414
-1.13414
-1.13414
-1.13414
-1.13414
-1.13414
-1.13414
-1.13414
-1.13414
-1.13414
-1.13414
-1.13414
-1.13414
-1.13414
-1.13414
-1.13414
-1.13414
-1.13414
-1.13414
-1.13414
-1.13414
-1.13414
-1.13414
-1.13414
-1.13414
-1.13414
-1.13414
-1.13414
-1.13414
-1.13414
-1.13414
-1.13414
-1.13414
-1.13414
-1.13414
-1.13414
-1.13414
-1.13414
-1.13414
-1.13414
-1.13414
-1.13414
-1.13414
-1.13414
-1.13414
-1.13414
-1.13414
-1.13414
-1.13414
-1.13414
-1.13414
-1.13414
-1.13414
-1.13414
-1.13414
-1.13414
-1.13414
-1.13414
-1.13414
-1.13414
-1.13414
-1.13414
-1.13414
-1.13414
-1.13414
-1.13414
-1.13414
-1.13414
-1.13414
-1.13414
-1.13414
-1.13414
-1.13414
-1.13414
-1.13414
-1.13414
-1.13414
-1.13414
-1.13414
-1.13414
-1.13414
-1.13414
-1.13414
-1.13414
-1.13414
-1.13414
-1.13414
-1.13414
-1.13414
-1.13414
-1.13414
-1.13414
-1.13414
-1.13414
-1.13414
-1.13414
-1.13414
-1.13414
-1.13414
-1.13414
-1.13414
-1.13414
-1.13414
-1.13414
-1.13414
-1.13414
-1.13414
-1.13414
-1.13414
-1.13414
-1.13414
-1.13414
-1.13414
-1.13414
-1.13414
-1.13414
-1.13414
-1.13414
-1.13414
-1.13414
-1.13414
-1.13414
-1.13414
-1.13414
-1.13414
-1.13414
-1.13414
-1.13414
-1.13414
-1.13414
-1.13414
-1.13414
-1.13414
-1.13414
-1.13414
-1.13414
-1.13414
-1.13414
-1.13414
-1.13414
-1.13414
-1.13414
-1.13414
-1.13414
-1.13414
-1.13414
-1.13414
-1.13414
-1.13414
-1.13414
-1.13414
-1.13414
-1.13414
-1.13414
-1.13414
-1.13414
-1.13414
-1.13414
-1.13414
-1.13414
-1.13414
-1.13414
-1.13414
-1.13414
-1.13414
-1.13414
-1.13414
-1.13414
-1.13414
-1.13414
-1.13414
-1.13414
-1.13414
-1.13414
-1.13414
-1.13414
-1.13414
-1.13414
-1.13414
-1.13414
-1.13414
-1.13414
-1.13414
-1.13414
-1.13414
-1.13414
-1.13414
-1.13414
-1.13414
-1.13414
-1.13414
-1.13414
-1.13414
-1.13414
-1.13414
-1.13414
-1.13414
-1.13414
-1.13414
-1.13414
-1.13414
-1.13414
-1.13414
-1.13414
-1.13414
-1.13414
-1.13414
-1.13414
-1.13414
-1.13414
-1.13414
-1.13414
-1.13414
-1.13414
-1.13414
-1.13414
-1.13414
-1.13414
-1.13414
-1.13414
-1.13414
-1.13414
-1.13414
-1.13414
-1.13414
-1.13414
-1.13414
-1.13414
-1.13414
-1.13414
-1.13414
-1.13414
-1.13414
-1.13414
-1.13414
-1.13414
-1.13414
-1.13414
-1.13414
-1.13414
-1.13414
-1.13414
-1.13414
-1.13414
-1.13414
-1.13414
-1.13414
-1.13414
-1.13414
-1.13414
-1.13414
-1.13414
-1.13414
-1.13414
-1.13414
-1.13414
-1.13414
-1.13414
-1.13414
-1.13414
-1.13414
-1.13414
-1.13414
-1.13414
-1.13414
-1.13414
-1.13414
-1.13414
-1.13414
-1.13414
-1.13414
-1.13414
-1.13415
-1.13415
-1.13415
-1.13415
-1.13415
-1.13415
-1.13415
-1.13415
-1.13415
-1.13415
-1.13415
-1.13415
-1.13415
-1.13415
-1.13415
-1.13415
-1.13415
-1.13415
-1.13415
-1.13415
-1.13415
-1.13415
-1.13415
-1.13415
-1.13415
-1.13415
-1.13415
-1.13415
-1.13415
-1.13415
-1.13415
-1.13415
-1.13415
-1.13415
-1.13415
-1.13415
-1.13415
-1.13415
-1.13415
-1.13415
-1.13415
-1.13415
-1.13415
-1.13415
-1.13415
-1.13415
-1.13415
-1.13415
-1.13415
-1.13415
-1.13415
-1.13415
-1.13415
-1.13415
-1.13415
-1.13415
-1.13415
-1.13415
-1.13415
-1.13415
-1.13415
-1.13415
-1.13415
-1.13415
-1.13415
-1.13415
-1.13415
-1.13415
-1.13415
-1.13415
-1.13415
-1.13415
-1.13415
-1.13415
-1.13415
-1.13415
-1.13415
-1.13415
-1.13415
-1.13415
-1.13415
-1.13415
-1.13415
-1.13415
-1.13415
-1.13415
-1.13415
-1.13415
-1.13415
-1.13415
-1.13415
-1.13415
-1.13415
-1.13415
-1.13415
-1.13415
-1.13415
-1.13415
-1.13415
-1.13415
-1.13415
-1.13415
-1.13415
-1.13415
-1.13415
-1.13415
-1.13415
-1.13415
-1.13415
-1.13415
-1.13415
-1.13415
-1.13415
-1.13415
-1.13415
-1.13415
-1.13415
-1.13415
-1.13415
-1.13415
-1.13415
-1.13415
-1.13415
-1.13415
-1.13415
-1.13415
-1.13415
-1.13415
-1.13415
-1.13415
-1.13415
-1.13415
-1.13415
-1.13415
-1.13415
-1.13415
-1.13415
-1.13415
-1.13415
-1.13415
-1.13415
-1.13415
-1.13415
-1.13415
-1.13415
-1.13415
-1.13415
-1.13415
-1.13415
-1.13415
-1.13415
-1.13415
-1.13415
-1.13415
-1.13415
-1.13415
-1.13415
-1.13415
-1.13415
-1.13415
-1.13415
-1.13415
-1.13415
-1.13415
-1.13415
-1.13415
-1.13415
-1.13415
-1.13415
-1.13415
-1.13415
-1.13415
-1.13415
-1.13415
-1.13415
-1.13415
-1.13415
-1.13415
-1.13415
-1.13415
-1.13415
-1.13415
-1.13415
-1.13415
-1.13415
-1.13415
-1.13415
-1.13415
-1.13415
-1.13415
-1.13415
-1.13415
-1.13415
-1.13415
-1.13415
-1.13415
-1.13415
-1.13415
-1.13415
-1.13415
-1.13415
-1.13415
-1.13415
-1.13415
-1.13415
-1.13415
-1.13415
-1.13415
-1.13415
-1.13415
-1.13415
-1.13415
-1.13415
-1.13415
-1.13415
-1.13415
-1.13415
-1.13415
-1.13415
-1.13415
-1.13415
-1.13415
-1.13415
-1.13415
-1.13415
-1.13415
-1.13415
-1.13415
-1.13415
-1.13415
-1.13415
-1.13415
-1.13415
-1.13415
-1.13415
-1.13415
-1.13415
-1.13415
-1.13415
-1.13415
-1.13415
-1.13415
-1.13415
-1.13415
-1.13415
-1.13415
-1.13415
-1.13415
-1.13415
-1.13415
-1.13415
-1.13415
-1.13415
-1.13415
-1.13415
-1.13415
-1.13415
-1.13415
-1.13415
-1.13415
-1.13415
-1.13415
-1.13415
-1.13415
-1.13415
-1.13415
-1.13415
-1.13415
-1.13415
-1.13415
-1.13415
-1.13415
-1.13415
-1.13415
-1.13415
-1.13415
-1.13415
-1.13415
-1.13415
-1.13415
-1.13415
-1.13415
-1.13415
-1.13415
-1.13415
-1.13415
-1.13415
-1.13415
-1.13415
-1.13415
-1.13415
-1.13415
-1.13415
-1.13415
-1.13415
-1.13415
-1.13415
-1.13415
-1.13415
-1.13415
-1.13415
-1.13415
-1.13415
-1.13415
-1.13415
-1.13415
-1.13415
-1.13415
-1.13415
-1.13416
-1.13416
-1.13416
-1.13416
-1.13416
-1.13416
-1.13416
-1.13416
-1.13416
-1.13416
-1.13416
-1.13416
-1.13416
-1.13416
-1.13416
-1.13416
-1.13416
-1.13416
-1.13416
-1.13416
-1.13416
-1.13416
-1.13416
-1.13416
-1.13416
-1.13416
-1.13416
-1.13416
-1.13416
-1.13416
-1.13416
-1.13416
-1.13416
-1.13416
-1.13416
-1.13416
-1.13416
-1.13416
-1.13416
-1.13416
-1.13416
-1.13416
-1.13416
-1.13416
-1.13416
-1.13416
-1.13416
-1.13416
-1.13416
-1.13416
-1.13416
-1.13416
-1.13416
-1.13416
-1.13416
-1.13416
-1.13416
-1.13416
-1.13416
-1.13416
-1.13416
-1.13416
-1.13416
-1.13416
-1.13416
-1.13416
-1.13416
-1.13416
-1.13416
-1.13416
-1.13416
-1.13416
-1.13416
-1.13416
-1.13416
-1.13416
-1.13416
-1.13416
-1.13416
-1.13416
-1.13416
-1.13416
-1.13416
-1.13416
-1.13416
-1.13416
-1.13416
-1.13416
-1.13416
-1.13416
-1.13416
-1.13416
-1.13416
-1.13416
-1.13416
-1.13416
-1.13416
-1.13416
-1.13416
-1.13416
-1.13416
-1.13416
-1.13416
-1.13416
-1.13416
-1.13416
-1.13416
-1.13416
-1.13416
-1.13416
-1.13416
-1.13416
-1.13416
-1.13416
-1.13416
-1.13416
-1.13416
-1.13416
-1.13416
-1.13416
-1.13416
-1.13416
-1.13416
-1.13416
-1.13416
-1.13416
-1.13416
-1.13416
-1.13416
-1.13416
-1.13416
-1.13416
-1.13416
-1.13416
-1.13416
-1.13416
-1.13416
-1.13416
-1.13416
-1.13416
-1.13416
-1.13416
-1.13416
-1.13416
-1.13416
-1.13416
-1.13416
-1.13416
-1.13416
-1.13416
-1.13416
-1.13416
-1.13416
-1.13416
-1.13416
-1.13416
-1.13416
-1.13416
-1.13416
-1.13416
-1.13416
-1.13416
-1.13416
-1.13416
-1.13416
-1.13416
-1.13416
-1.13416
-1.13416
-1.13416
-1.13416
-1.13416
-1.13416
-1.13416
-1.13416
-1.13416
-1.13416
-1.13416
-1.13416
-1.13416
-1.13416
-1.13416
-1.13416
-1.13416
-1.13416
-1.13416
-1.13416
-1.13416
-1.13416
-1.13416
-1.13416
-1.13416
-1.13416
-1.13416
-1.13416
-1.13416
-1.13416
-1.13416
-1.13416
-1.13416
-1.13416
-1.13416
-1.13416
-1.13416
-1.13416
-1.13416
-1.13416
-1.13416
-1.13416
-1.13416
-1.13416
-1.13416
-1.13416
-1.13416
-1.13416
-1.13416
-1.13416
-1.13416
-1.13416
-1.13416
-1.13416
-1.13416
-1.13416
-1.13416
-1.13416
-1.13416
-1.13416
-1.13416
-1.13416
-1.13416
-1.13416
-1.13416
-1.13416
-1.13416
-1.13416
-1.13416
-1.13416
-1.13416
-1.13416
-1.13416
-1.13416
-1.13416
-1.13416
-1.13416
-1.13416
-1.13416
-1.13416
-1.13416
-1.13416
-1.13416
-1.13416
-1.13416
-1.13416
-1.13416
-1.13416
-1.13416
-1.13416
-1.13416
-1.13416
-1.13416
-1.13416
-1.13416
-1.13416
-1.13416
-1.13416
-1.13416
-1.13416
-1.13416
-1.13416
-1.13416
-1.13416
-1.13416
-1.13416
-1.13416
-1.13416
-1.13416
-1.13416
-1.13416
-1.13416
-1.13416
-1.13416
-1.13416
-1.13416
-1.13416
-1.13416
-1.13416
-1.13416
-1.13416
-1.13416
-1.13416
-1.13416
-1.13416
-1.13416
-1.13416
-1.13416
-1.13416
-1.13416
-1.13416
-1.13416
-1.13416
-1.13416
-1.13416
-1.13416
-1.13416
-1.13416
-1.13417
-1.13417
-1.13417
-1.13417
-1.13417
-1.13417
-1.13417
-1.13417
-1.13417
-1.13417
-1.13417
-1.13417
-1.13417
-1.13417
-1.13417
-1.13417
-1.13417
-1.13417
-1.13417
-1.13417
-1.13417
-1.13417
-1.13417
-1.13417
-1.13417
-1.13417
-1.13417
-1.13417
-1.13417
-1.13417
-1.13417
-1.13417
-1.13417
-1.13417
-1.13417
-1.13417
-1.13417
-1.13417
-1.13417
-1.13417
-1.13417
-1.13417
-1.13417
-1.13417
-1.13417
-1.13417
-1.13417
-1.13417
-1.13417
-1.13417
-1.13417
-1.13417
-1.13417
-1.13417
-1.13417
-1.13417
-1.13417
-1.13417
-1.13417
-1.13417
-1.13417
-1.13417
-1.13417
-1.13417
-1.13417
-1.13417
-1.13417
-1.13417
-1.13417
-1.13417
-1.13417
-1.13417
-1.13417
-1.13417
-1.13417
-1.13417
-1.13417
-1.13417
-1.13417
-1.13417
-1.13417
-1.13417
-1.13417
-1.13417
-1.13417
-1.13417
-1.13417
-1.13417
-1.13417
-1.13417
-1.13417
-1.13417
-1.13417
-1.13417
-1.13417
-1.13417
-1.13417
-1.13417
-1.13417
-1.13417
-1.13417
-1.13417
-1.13417
-1.13417
-1.13417
-1.13417
-1.13417
-1.13417
-1.13417
-1.13417
-1.13417
-1.13417
-1.13417
-1.13417
-1.13417
-1.13417
-1.13417
-1.13417
-1.13417
-1.13417
-1.13417
-1.13417
-1.13417
-1.13417
-1.13417
-1.13417
-1.13417
-1.13417
-1.13417
-1.13417
-1.13417
-1.13417
-1.13417
-1.13417
-1.13417
-1.13417
-1.13417
-1.13417
-1.13417
-1.13417
-1.13417
-1.13417
-1.13417
-1.13417
-1.13417
-1.13417
-1.13417
-1.13417
-1.13417
-1.13417
-1.13417
-1.13417
-1.13417
-1.13417
-1.13417
-1.13417
-1.13417
-1.13417
-1.13417
-1.13417
-1.13417
-1.13417
-1.13417
-1.13417
-1.13417
-1.13417
-1.13417
-1.13417
-1.13417
-1.13417
-1.13417
-1.13417
-1.13417
-1.13417
-1.13417
-1.13417
-1.13417
-1.13417
-1.13417
-1.13417
-1.13417
-1.13417
-1.13417
-1.13417
-1.13417
-1.13417
-1.13417
-1.13417
-1.13417
-1.13417
-1.13417
-1.13417
-1.13417
-1.13417
-1.13417
-1.13417
-1.13417
-1.13417
-1.13417
-1.13417
-1.13417
-1.13417
-1.13417
-1.13417
-1.13417
-1.13417
-1.13417
-1.13417
-1.13417
-1.13417
-1.13417
-1.13417
-1.13417
-1.13417
-1.13417
-1.13417
-1.13417
-1.13417
-1.13417
-1.13417
-1.13417
-1.13417
-1.13417
-1.13417
-1.13417
-1.13417
-1.13417
-1.13417
-1.13417
-1.13417
-1.13417
-1.13417
-1.13417
-1.13417
-1.13417
-1.13417
-1.13417
-1.13417
-1.13417
-1.13417
-1.13417
-1.13417
-1.13417
-1.13417
-1.13417
-1.13417
-1.13417
-1.13417
-1.13417
-1.13417
-1.13417
-1.13417
-1.13417
-1.13417
-1.13417
-1.13417
-1.13417
-1.13417
-1.13417
-1.13417
-1.13417
-1.13417
-1.13417
-1.13417
-1.13417
-1.13417
-1.13417
-1.13417
-1.13417
-1.13417
-1.13417
-1.13417
-1.13417
-1.13417
-1.13417
-1.13417
-1.13417
-1.13417
-1.13417
-1.13417
-1.13417
-1.13417
-1.13417
-1.13417
-1.13417
-1.13417
-1.13417
-1.13417
-1.13417
-1.13417
-1.13417
-1.13417
-1.13417
-1.13417
-1.13417
-1.13417
-1.13417
-1.13417
-1.13417
-1.13417
-1.13417
-1.13417
-1.13417
-1.13417
-1.13417
-1.13418
-1.13418
-1.13418
-1.13418
-1.13418
-1.13418
-1.13418
-1.13418
-1.13418
-1.13418
-1.13418
-1.13418
-1.13418
-1.13418
-1.13418
-1.13418
-1.13418
-1.13418
-1.13418
-1.13418
-1.13418
-1.13418
-1.13418
-1.13418
-1.13418
-1.13418
-1.13418
-1.13418
-1.13418
-1.13418
-1.13418
-1.13418
-1.13418
-1.13418
-1.13418
-1.13418
-1.13418
-1.13418
-1.13418
-1.13418
-1.13418
-1.13418
-1.13418
-1.13418
-1.13418
-1.13418
-1.13418
-1.13418
-1.13418
-1.13418
-1.13418
-1.13418
-1.13418
-1.13418
-1.13418
-1.13418
-1.13418
-1.13418
-1.13418
-1.13418
-1.13418
-1.13418
-1.13418
-1.13418
-1.13418
-1.13418
-1.13418
-1.13418
-1.13418
-1.13418
-1.13418
-1.13418
-1.13418
-1.13418
-1.13418
-1.13418
-1.13418
-1.13418
-1.13418
-1.13418
-1.13418
-1.13418
-1.13418
-1.13418
-1.13418
-1.13418
-1.13418
-1.13418
-1.13418
-1.13418
-1.13418
-1.13418
-1.13418
-1.13418
-1.13418
-1.13418
-1.13418
-1.13418
-1.13418
-1.13418
-1.13418
-1.13418
-1.13418
-1.13418
-1.13418
-1.13418
-1.13418
-1.13418
-1.13418
-1.13418
-1.13418
-1.13418
-1.13418
-1.13418
-1.13418
-1.13418
-1.13418
-1.13418
-1.13418
-1.13418
-1.13418
-1.13418
-1.13418
-1.13418
-1.13418
-1.13418
-1.13418
-1.13418
-1.13418
-1.13418
-1.13418
-1.13418
-1.13418
-1.13418
-1.13418
-1.13418
-1.13418
-1.13418
-1.13418
-1.13418
-1.13418
-1.13418
-1.13418
-1.13418
-1.13418
-1.13418
-1.13418
-1.13418
-1.13418
-1.13418
-1.13418
-1.13418
-1.13418
-1.13418
-1.13418
-1.13418
-1.13418
-1.13418
-1.13418
-1.13418
-1.13418
-1.13418
-1.13418
-1.13418
-1.13418
-1.13418
-1.13418
-1.13418
-1.13418
-1.13418
-1.13418
-1.13418
-1.13418
-1.13418
-1.13418
-1.13418
-1.13418
-1.13418
-1.13418
-1.13418
-1.13418
-1.13418
-1.13418
-1.13418
-1.13418
-1.13418
-1.13418
-1.13418
-1.13418
-1.13418
-1.13418
-1.13418
-1.13418
-1.13418
-1.13418
-1.13418
-1.13418
-1.13418
-1.13418
-1.13418
-1.13418
-1.13418
-1.13418
-1.13418
-1.13418
-1.13418
-1.13418
-1.13418
-1.13418
-1.13418
-1.13418
-1.13418
-1.13418
-1.13418
-1.13418
-1.13418
-1.13418
-1.13418
-1.13418
-1.13418
-1.13418
-1.13418
-1.13418
-1.13418
-1.13418
-1.13418
-1.13418
-1.13418
-1.13418
-1.13418
-1.13418
-1.13418
-1.13418
-1.13418
-1.13418
-1.13418
-1.13418
-1.13418
-1.13418
-1.13418
-1.13418
-1.13418
-1.13418
-1.13418
-1.13418
-1.13418
-1.13418
-1.13418
-1.13418
-1.13418
-1.13418
-1.13418
-1.13418
-1.13418
-1.13418
-1.13418
-1.13418
-1.13418
-1.13418
-1.13418
-1.13418
-1.13418
-1.13418
-1.13418
-1.13418
-1.13418
-1.13418
-1.13418
-1.13418
-1.13418
-1.13418
-1.13418
-1.13418
-1.13418
-1.13418
-1.13418
-1.13418
-1.13418
-1.13418
-1.13418
-1.13418
-1.13418
-1.13418
-1.13418
-1.13418
-1.13418
-1.13418
-1.13418
-1.13418
-1.13418
-1.13418
-1.13418
-1.13418
-1.13418
-1.13418
-1.13418
-1.13418
-1.13418
-1.13418
-1.13418
-1.13418
-1.13418
-1.13418
-1.13418
-1.13418
-1.13418
-1.13418
-1.13418
-1.13418
-1.13418
-1.13419
-1.13419
-1.13419
-1.13419
-1.13419
-1.13419
-1.13419
-1.13419
-1.13419
-1.13419
-1.13419
-1.13419
-1.13419
-1.13419
-1.13419
-1.13419
-1.13419
-1.13419
-1.13419
-1.13419
-1.13419
-1.13419
-1.13419
-1.13419
-1.13419
-1.13419
-1.13419
-1.13419
-1.13419
-1.13419
-1.13419
-1.13419
-1.13419
-1.13419
-1.13419
-1.13419
-1.13419
-1.13419
-1.13419
-1.13419
-1.13419
-1.13419
-1.13419
-1.13419
-1.13419
-1.13419
-1.13419
-1.13419
-1.13419
-1.13419
-1.13419
-1.13419
-1.13419
-1.13419
-1.13419
-1.13419
-1.13419
-1.13419
-1.13419
-1.13419
-1.13419
-1.13419
-1.13419
-1.13419
-1.13419
-1.13419
-1.13419
-1.13419
-1.13419
-1.13419
-1.13419
-1.13419
-1.13419
-1.13419
-1.13419
-1.13419
-1.13419
-1.13419
-1.13419
-1.13419
-1.13419
-1.13419
-1.13419
-1.13419
-1.13419
-1.13419
-1.13419
-1.13419
-1.13419
-1.13419
-1.13419
-1.13419
-1.13419
-1.13419
-1.13419
-1.13419
-1.13419
-1.13419
-1.13419
-1.13419
-1.13419
-1.13419
-1.13419
-1.13419
-1.13419
-1.13419
-1.13419
-1.13419
-1.13419
-1.13419
-1.13419
-1.13419
-1.13419
-1.13419
-1.13419
-1.13419
-1.13419
-1.13419
-1.13419
-1.13419
-1.13419
-1.13419
-1.13419
-1.13419
-1.13419
-1.13419
-1.13419
-1.13419
-1.13419
-1.13419
-1.13419
-1.13419
-1.13419
-1.13419
-1.13419
-1.13419
-1.13419
-1.13419
-1.13419
-1.13419
-1.13419
-1.13419
-1.13419
-1.13419
-1.13419
-1.13419
-1.13419
-1.13419
-1.13419
-1.13419
-1.13419
-1.13419
-1.13419
-1.13419
-1.13419
-1.13419
-1.13419
-1.13419
-1.13419
-1.13419
-1.13419
-1.13419
-1.13419
-1.13419
-1.13419
-1.13419
-1.13419
-1.13419
-1.13419
-1.13419
-1.13419
-1.13419
-1.13419
-1.13419
-1.13419
-1.13419
-1.13419
-1.13419
-1.13419
-1.13419
-1.13419
-1.13419
-1.13419
-1.13419
-1.13419
-1.13419
-1.13419
-1.13419
-1.13419
-1.13419
-1.13419
-1.13419
-1.13419
-1.13419
-1.13419
-1.13419
-1.13419
-1.13419
-1.13419
-1.13419
-1.13419
-1.13419
-1.13419
-1.13419
-1.13419
-1.13419
-1.13419
-1.13419
-1.13419
-1.13419
-1.13419
-1.13419
-1.13419
-1.13419
-1.13419
-1.13419
-1.13419
-1.13419
-1.13419
-1.13419
-1.13419
-1.13419
-1.13419
-1.13419
-1.13419
-1.13419
-1.13419
-1.13419
-1.13419
-1.13419
-1.13419
-1.13419
-1.13419
-1.13419
-1.13419
-1.13419
-1.13419
-1.13419
-1.13419
-1.13419
-1.13419
-1.13419
-1.13419
-1.13419
-1.13419
-1.13419
-1.13419
-1.13419
-1.13419
-1.13419
-1.13419
-1.13419
-1.13419
-1.13419
-1.13419
-1.13419
-1.13419
-1.13419
-1.13419
-1.13419
-1.13419
-1.13419
-1.13419
-1.13419
-1.13419
-1.13419
-1.13419
-1.13419
-1.13419
-1.13419
-1.13419
-1.13419
-1.13419
-1.13419
-1.13419
-1.13419
-1.13419
-1.13419
-1.13419
-1.13419
-1.13419
-1.13419
-1.13419
-1.13419
-1.13419
-1.13419
-1.13419
-1.13419
-1.13419
-1.13419
-1.13419
-1.13419
-1.13419
-1.13419
-1.13419
-1.13419
-1.13419
-1.13419
-1.13419
-1.13419
-1.13419
-1.13419
-1.13419
-1.13419
-1.13419
-1.13419
-1.13419
-1.13419
-1.13419
-1.13419
-1.1342
-1.1342
-1.1342
-1.1342
-1.1342
-1.1342
-1.1342
-1.1342
-1.1342
-1.1342
-1.1342
-1.1342
-1.1342
-1.1342
-1.1342
-1.1342
-1.1342
-1.1342
-1.1342
-1.1342
-1.1342
-1.1342
-1.1342
-1.1342
-1.1342
-1.1342
-1.1342
-1.1342
-1.1342
-1.1342
-1.1342
-1.1342
-1.1342
-1.1342
-1.1342
-1.1342
-1.1342
-1.1342
-1.1342
-1.1342
-1.1342
-1.1342
-1.1342
-1.1342
-1.1342
-1.1342
-1.1342
-1.1342
-1.1342
-1.1342
-1.1342
-1.1342
-1.1342
-1.1342
-1.1342
-1.1342
-1.1342
-1.1342
-1.1342
-1.1342
-1.1342
-1.1342
-1.1342
-1.1342
-1.1342
-1.1342
-1.1342
-1.1342
-1.1342
-1.1342
-1.1342
-1.1342
-1.1342
-1.1342
-1.1342
-1.1342
-1.1342
-1.1342
-1.1342
-1.1342
-1.1342
-1.1342
-1.1342
-1.1342
-1.1342
-1.1342
-1.1342
-1.1342
-1.1342
-1.1342
-1.1342
-1.1342
-1.1342
-1.1342
-1.1342
-1.1342
-1.1342
-1.1342
-1.1342
-1.1342
-1.1342
-1.1342
-1.1342
-1.1342
-1.1342
-1.1342
-1.1342
-1.1342
-1.1342
-1.1342
-1.1342
-1.1342
-1.1342
-1.1342
-1.1342
-1.1342
-1.1342
-1.1342
-1.1342
-1.1342
-1.1342
-1.1342
-1.1342
-1.1342
-1.1342
-1.1342
-1.1342
-1.1342
-1.1342
-1.1342
-1.1342
-1.1342
-1.1342
-1.1342
-1.1342
-1.1342
-1.1342
-1.1342
-1.1342
-1.1342
-1.1342
-1.1342
-1.1342
-1.1342
-1.1342
-1.1342
-1.1342
-1.1342
-1.1342
-1.1342
-1.1342
-1.1342
-1.1342
-1.1342
-1.1342
-1.1342
-1.1342
-1.1342
-1.1342
-1.1342
-1.1342
-1.1342
-1.1342
-1.1342
-1.1342
-1.1342
-1.1342
-1.1342
-1.1342
-1.1342
-1.1342
-1.1342
-1.1342
-1.1342
-1.1342
-1.1342
-1.1342
-1.1342
-1.1342
-1.1342
-1.1342
-1.1342
-1.1342
-1.1342
-1.1342
-1.1342
-1.1342
-1.1342
-1.1342
-1.1342
-1.1342
-1.1342
-1.1342
-1.1342
-1.1342
-1.1342
-1.1342
-1.1342
-1.1342
-1.1342
-1.1342
-1.1342
-1.1342
-1.1342
-1.1342
-1.1342
-1.1342
-1.1342
-1.1342
-1.1342
-1.1342
-1.1342
-1.1342
-1.1342
-1.1342
-1.1342
-1.1342
-1.1342
-1.1342
-1.1342
-1.1342
-1.1342
-1.1342
-1.1342
-1.1342
-1.1342
-1.1342
-1.1342
-1.1342
-1.1342
-1.1342
-1.1342
-1.1342
-1.1342
-1.1342
-1.1342
-1.1342
-1.1342
-1.1342
-1.1342
-1.1342
-1.1342
-1.1342
-1.1342
-1.1342
-1.1342
-1.1342
-1.1342
-1.1342
-1.1342
-1.1342
-1.1342
-1.1342
-1.1342
-1.1342
-1.1342
-1.1342
-1.1342
-1.1342
-1.1342
-1.1342
-1.1342
-1.1342
-1.1342
-1.1342
-1.1342
-1.1342
-1.1342
-1.1342
-1.1342
-1.1342
-1.1342
-1.1342
-1.1342
-1.1342
-1.1342
-1.1342
-1.1342
-1.1342
-1.1342
-1.1342
-1.1342
-1.1342
-1.1342
-1.1342
-1.1342
-1.1342
-1.1342
-1.1342
-1.1342
-1.1342
-1.1342
-1.13421
-1.13421
-1.13421
-1.13421
-1.13421
-1.13421
-1.13421
-1.13421
-1.13421
-1.13421
-1.13421
-1.13421
-1.13421
-1.13421
-1.13421
-1.13421
-1.13421
-1.13421
-1.13421
-1.13421
-1.13421
-1.13421
-1.13421
-1.13421
-1.13421
-1.13421
-1.13421
-1.13421
-1.13421
-1.13421
-1.13421
-1.13421
-1.13421
-1.13421
-1.13421
-1.13421
-1.13421
-1.13421
-1.13421
-1.13421
-1.13421
-1.13421
-1.13421
-1.13421
-1.13421
-1.13421
-1.13421
-1.13421
-1.13421
-1.13421
-1.13421
-1.13421
-1.13421
-1.13421
-1.13421
-1.13421
-1.13421
-1.13421
-1.13421
-1.13421
-1.13421
-1.13421
-1.13421
-1.13421
-1.13421
-1.13421
-1.13421
-1.13421
-1.13421
-1.13421
-1.13421
-1.13421
-1.13421
-1.13421
-1.13421
-1.13421
-1.13421
-1.13421
-1.13421
-1.13421
-1.13421
-1.13421
-1.13421
-1.13421
-1.13421
-1.13421
-1.13421
-1.13421
-1.13421
-1.13421
-1.13421
-1.13421
-1.13421
-1.13421
-1.13421
-1.13421
-1.13421
-1.13421
-1.13421
-1.13421
-1.13421
-1.13421
-1.13421
-1.13421
-1.13421
-1.13421
-1.13421
-1.13421
-1.13421
-1.13421
-1.13421
-1.13421
-1.13421
-1.13421
-1.13421
-1.13421
-1.13421
-1.13421
-1.13421
-1.13421
-1.13421
-1.13421
-1.13421
-1.13421
-1.13421
-1.13421
-1.13421
-1.13421
-1.13421
-1.13421
-1.13421
-1.13421
-1.13421
-1.13421
-1.13421
-1.13421
-1.13421
-1.13421
-1.13421
-1.13421
-1.13421
-1.13421
-1.13421
-1.13421
-1.13421
-1.13421
-1.13421
-1.13421
-1.13421
-1.13421
-1.13421
-1.13421
-1.13421
-1.13421
-1.13421
-1.13421
-1.13421
-1.13421
-1.13421
-1.13421
-1.13421
-1.13421
-1.13421
-1.13421
-1.13421
-1.13421
-1.13421
-1.13421
-1.13421
-1.13421
-1.13421
-1.13421
-1.13421
-1.13421
-1.13421
-1.13421
-1.13421
-1.13421
-1.13421
-1.13421
-1.13421
-1.13421
-1.13421
-1.13421
-1.13421
-1.13421
-1.13421
-1.13421
-1.13421
-1.13421
-1.13421
-1.13421
-1.13421
-1.13421
-1.13421
-1.13421
-1.13421
-1.13421
-1.13421
-1.13421
-1.13421
-1.13421
-1.13421
-1.13421
-1.13421
-1.13421
-1.13421
-1.13421
-1.13421
-1.13421
-1.13421
-1.13421
-1.13421
-1.13421
-1.13421
-1.13421
-1.13421
-1.13421
-1.13421
-1.13421
-1.13421
-1.13421
-1.13421
-1.13421
-1.13421
-1.13421
-1.13421
-1.13421
-1.13421
-1.13421
-1.13421
-1.13421
-1.13421
-1.13421
-1.13421
-1.13421
-1.13421
-1.13421
-1.13421
-1.13421
-1.13421
-1.13421
-1.13421
-1.13421
-1.13421
-1.13421
-1.13421
-1.13421
-1.13421
-1.13421
-1.13421
-1.13421
-1.13421
-1.13421
-1.13421
-1.13421
-1.13421
-1.13421
-1.13421
-1.13421
-1.13421
-1.13421
-1.13421
-1.13421
-1.13421
-1.13421
-1.13421
-1.13421
-1.13421
-1.13421
-1.13421
-1.13421
-1.13421
-1.13421
-1.13421
-1.13421
-1.13421
-1.13421
-1.13421
-1.13421
-1.13421
-1.13421
-1.13421
-1.13421
-1.13421
-1.13422
-1.13422
-1.13422
-1.13422
-1.13422
-1.13422
-1.13422
-1.13422
-1.13422
-1.13422
-1.13422
-1.13422
-1.13422
-1.13422
-1.13422
-1.13422
-1.13422
-1.13422
-1.13422
-1.13422
-1.13422
-1.13422
-1.13422
-1.13422
-1.13422
-1.13422
-1.13422
-1.13422
-1.13422
-1.13422
-1.13422
-1.13422
-1.13422
-1.13422
-1.13422
-1.13422
-1.13422
-1.13422
-1.13422
-1.13422
-1.13422
-1.13422
-1.13422
-1.13422
-1.13422
-1.13422
-1.13422
-1.13422
-1.13422
-1.13422
-1.13422
-1.13422
-1.13422
-1.13422
-1.13422
-1.13422
-1.13422
-1.13422
-1.13422
-1.13422
-1.13422
-1.13422
-1.13422
-1.13422
-1.13422
-1.13422
-1.13422
-1.13422
-1.13422
-1.13422
-1.13422
-1.13422
-1.13422
-1.13422
-1.13422
-1.13422
-1.13422
-1.13422
-1.13422
-1.13422
-1.13422
-1.13422
-1.13422
-1.13422
-1.13422
-1.13422
-1.13422
-1.13422
-1.13422
-1.13422
-1.13422
-1.13422
-1.13422
-1.13422
-1.13422
-1.13422
-1.13422
-1.13422
-1.13422
-1.13422
-1.13422
-1.13422
-1.13422
-1.13422
-1.13422
-1.13422
-1.13422
-1.13422
-1.13422
-1.13422
-1.13422
-1.13422
-1.13422
-1.13422
-1.13422
-1.13422
-1.13422
-1.13422
-1.13422
-1.13422
-1.13422
-1.13422
-1.13422
-1.13422
-1.13422
-1.13422
-1.13422
-1.13422
-1.13422
-1.13422
-1.13422
-1.13422
-1.13422
-1.13422
-1.13422
-1.13422
-1.13422
-1.13422
-1.13422
-1.13422
-1.13422
-1.13422
-1.13422
-1.13422
-1.13422
-1.13422
-1.13422
-1.13422
-1.13422
-1.13422
-1.13422
-1.13422
-1.13422
-1.13422
-1.13422
-1.13422
-1.13422
-1.13422
-1.13422
-1.13422
-1.13422
-1.13422
-1.13422
-1.13422
-1.13422
-1.13422
-1.13422
-1.13422
-1.13422
-1.13422
-1.13422
-1.13422
-1.13422
-1.13422
-1.13422
-1.13422
-1.13422
-1.13422
-1.13422
-1.13422
-1.13422
-1.13422
-1.13422
-1.13422
-1.13422
-1.13422
-1.13422
-1.13422
-1.13422
-1.13422
-1.13422
-1.13422
-1.13422
-1.13422
-1.13422
-1.13422
-1.13422
-1.13422
-1.13422
-1.13422
-1.13422
-1.13422
-1.13422
-1.13422
-1.13422
-1.13422
-1.13422
-1.13422
-1.13422
-1.13422
-1.13422
-1.13422
-1.13422
-1.13422
-1.13422
-1.13422
-1.13422
-1.13422
-1.13422
-1.13422
-1.13422
-1.13422
-1.13422
-1.13422
-1.13422
-1.13422
-1.13422
-1.13422
-1.13422
-1.13422
-1.13422
-1.13422
-1.13422
-1.13422
-1.13422
-1.13422
-1.13422
-1.13422
-1.13422
-1.13422
-1.13422
-1.13422
-1.13422
-1.13422
-1.13422
-1.13422
-1.13422
-1.13422
-1.13422
-1.13422
-1.13422
-1.13422
-1.13422
-1.13422
-1.13422
-1.13422
-1.13422
-1.13422
-1.13422
-1.13422
-1.13422
-1.13422
-1.13422
-1.13422
-1.13422
-1.13422
-1.13422
-1.13422
-1.13422
-1.13422
-1.13422
-1.13422
-1.13422
-1.13422
-1.13422
-1.13422
-1.13422
-1.13422
-1.13422
-1.13423
-1.13423
-1.13423
-1.13423
-1.13423
-1.13423
-1.13423
-1.13423
-1.13423
-1.13423
-1.13423
-1.13423
-1.13423
-1.13423
-1.13423
-1.13423
-1.13423
-1.13423
-1.13423
-1.13423
-1.13423
-1.13423
-1.13423
-1.13423
-1.13423
-1.13423
-1.13423
-1.13423
-1.13423
-1.13423
-1.13423
-1.13423
-1.13423
-1.13423
-1.13423
-1.13423
-1.13423
-1.13423
-1.13423
-1.13423
-1.13423
-1.13423
-1.13423
-1.13423
-1.13423
-1.13423
-1.13423
-1.13423
-1.13423
-1.13423
-1.13423
-1.13423
-1.13423
-1.13423
-1.13423
-1.13423
-1.13423
-1.13423
-1.13423
-1.13423
-1.13423
-1.13423
-1.13423
-1.13423
-1.13423
-1.13423
-1.13423
-1.13423
-1.13423
-1.13423
-1.13423
-1.13423
-1.13423
-1.13423
-1.13423
-1.13423
-1.13423
-1.13423
-1.13423
-1.13423
-1.13423
-1.13423
-1.13423
-1.13423
-1.13423
-1.13423
-1.13423
-1.13423
-1.13423
-1.13423
-1.13423
-1.13423
-1.13423
-1.13423
-1.13423
-1.13423
-1.13423
-1.13423
-1.13423
-1.13423
-1.13423
-1.13423
-1.13423
-1.13423
-1.13423
-1.13423
-1.13423
-1.13423
-1.13423
-1.13423
-1.13423
-1.13423
-1.13423
-1.13423
-1.13423
-1.13423
-1.13423
-1.13423
-1.13423
-1.13423
-1.13423
-1.13423
-1.13423
-1.13423
-1.13423
-1.13423
-1.13423
-1.13423
-1.13423
-1.13423
-1.13423
-1.13423
-1.13423
-1.13423
-1.13423
-1.13423
-1.13423
-1.13423
-1.13423
-1.13423
-1.13423
-1.13423
-1.13423
-1.13423
-1.13423
-1.13423
-1.13423
-1.13423
-1.13423
-1.13423
-1.13423
-1.13423
-1.13423
-1.13423
-1.13423
-1.13423
-1.13423
-1.13423
-1.13423
-1.13423
-1.13423
-1.13423
-1.13423
-1.13423
-1.13423
-1.13423
-1.13423
-1.13423
-1.13423
-1.13423
-1.13423
-1.13423
-1.13423
-1.13423
-1.13423
-1.13423
-1.13423
-1.13423
-1.13423
-1.13423
-1.13423
-1.13423
-1.13423
-1.13423
-1.13423
-1.13423
-1.13423
-1.13423
-1.13423
-1.13423
-1.13423
-1.13423
-1.13423
-1.13423
-1.13423
-1.13423
-1.13423
-1.13423
-1.13423
-1.13423
-1.13423
-1.13423
-1.13423
-1.13423
-1.13423
-1.13423
-1.13423
-1.13423
-1.13423
-1.13423
-1.13423
-1.13423
-1.13423
-1.13423
-1.13423
-1.13423
-1.13423
-1.13423
-1.13423
-1.13423
-1.13423
-1.13423
-1.13423
-1.13423
-1.13423
-1.13423
-1.13423
-1.13423
-1.13423
-1.13423
-1.13423
-1.13423
-1.13423
-1.13423
-1.13423
-1.13423
-1.13423
-1.13423
-1.13423
-1.13423
-1.13423
-1.13423
-1.13423
-1.13423
-1.13423
-1.13423
-1.13423
-1.13423
-1.13423
-1.13423
-1.13423
-1.13423
-1.13423
-1.13423
-1.13423
-1.13423
-1.13423
-1.13423
-1.13423
-1.13423
-1.13423
-1.13423
-1.13423
-1.13423
-1.13423
-1.13423
-1.13423
-1.13423
-1.13423
-1.13423
-1.13423
-1.13423
-1.13423
-1.13423
-1.13423
-1.13423
-1.13423
-1.13423
-1.13423
-1.13423
-1.13423
-1.13423
-1.13423
-1.13424
-1.13424
-1.13424
-1.13424
-1.13424
-1.13424
-1.13424
-1.13424
-1.13424
-1.13424
-1.13424
-1.13424
-1.13424
-1.13424
-1.13424
-1.13424
-1.13424
-1.13424
-1.13424
-1.13424
-1.13424
-1.13424
-1.13424
-1.13424
-1.13424
-1.13424
-1.13424
-1.13424
-1.13424
-1.13424
-1.13424
-1.13424
-1.13424
-1.13424
-1.13424
-1.13424
-1.13424
-1.13424
-1.13424
-1.13424
-1.13424
-1.13424
-1.13424
-1.13424
-1.13424
-1.13424
-1.13424
-1.13424
-1.13424
-1.13424
-1.13424
-1.13424
-1.13424
-1.13424
-1.13424
-1.13424
-1.13424
-1.13424
-1.13424
-1.13424
-1.13424
-1.13424
-1.13424
-1.13424
-1.13424
-1.13424
-1.13424
-1.13424
-1.13424
-1.13424
-1.13424
-1.13424
-1.13424
-1.13424
-1.13424
-1.13424
-1.13424
-1.13424
-1.13424
-1.13424
-1.13424
-1.13424
-1.13424
-1.13424
-1.13424
-1.13424
-1.13424
-1.13424
-1.13424
-1.13424
-1.13424
-1.13424
-1.13424
-1.13424
-1.13424
-1.13424
-1.13424
-1.13424
-1.13424
-1.13424
-1.13424
-1.13424
-1.13424
-1.13424
-1.13424
-1.13424
-1.13424
-1.13424
-1.13424
-1.13424
-1.13424
-1.13424
-1.13424
-1.13424
-1.13424
-1.13424
-1.13424
-1.13424
-1.13424
-1.13424
-1.13424
-1.13424
-1.13424
-1.13424
-1.13424
-1.13424
-1.13424
-1.13424
-1.13424
-1.13424
-1.13424
-1.13424
-1.13424
-1.13424
-1.13424
-1.13424
-1.13424
-1.13424
-1.13424
-1.13424
-1.13424
-1.13424
-1.13424
-1.13424
-1.13424
-1.13424
-1.13424
-1.13424
-1.13424
-1.13424
-1.13424
-1.13424
-1.13424
-1.13424
-1.13424
-1.13424
-1.13424
-1.13424
-1.13424
-1.13424
-1.13424
-1.13424
-1.13424
-1.13424
-1.13424
-1.13424
-1.13424
-1.13424
-1.13424
-1.13424
-1.13424
-1.13424
-1.13424
-1.13424
-1.13424
-1.13424
-1.13424
-1.13424
-1.13424
-1.13424
-1.13424
-1.13424
-1.13424
-1.13424
-1.13424
-1.13424
-1.13424
-1.13424
-1.13424
-1.13424
-1.13424
-1.13424
-1.13424
-1.13424
-1.13424
-1.13424
-1.13424
-1.13424
-1.13424
-1.13424
-1.13424
-1.13424
-1.13424
-1.13424
-1.13424
-1.13424
-1.13424
-1.13424
-1.13424
-1.13424
-1.13424
-1.13424
-1.13424
-1.13424
-1.13424
-1.13424
-1.13424
-1.13424
-1.13424
-1.13424
-1.13424
-1.13424
-1.13424
-1.13424
-1.13424
-1.13424
-1.13424
-1.13424
-1.13424
-1.13424
-1.13424
-1.13424
-1.13424
-1.13424
-1.13424
-1.13424
-1.13424
-1.13424
-1.13424
-1.13424
-1.13424
-1.13424
-1.13424
-1.13424
-1.13424
-1.13424
-1.13424
-1.13424
-1.13424
-1.13424
-1.13424
-1.13424
-1.13424
-1.13424
-1.13424
-1.13424
-1.13424
-1.13424
-1.13424
-1.13424
-1.13424
-1.13424
-1.13424
-1.13424
-1.13424
-1.13424
-1.13424
-1.13424
-1.13424
-1.13424
-1.13424
-1.13424
-1.13424
-1.13424
-1.13424
-1.13424
-1.13424
-1.13424
-1.13424
-1.13424
-1.13424
-1.13424
-1.13424
-1.13424
-1.13425
-1.13425
-1.13425
-1.13425
-1.13425
-1.13425
-1.13425
-1.13425
-1.13425
-1.13425
-1.13425
-1.13425
-1.13425
-1.13425
-1.13425
-1.13425
-1.13425
-1.13425
-1.13425
-1.13425
-1.13425
-1.13425
-1.13425
-1.13425
-1.13425
-1.13425
-1.13425
-1.13425
-1.13425
-1.13425
-1.13425
-1.13425
-1.13425
-1.13425
-1.13425
-1.13425
-1.13425
-1.13425
-1.13425
-1.13425
-1.13425
-1.13425
-1.13425
-1.13425
-1.13425
-1.13425
-1.13425
-1.13425
-1.13425
-1.13425
-1.13425
-1.13425
-1.13425
-1.13425
-1.13425
-1.13425
-1.13425
-1.13425
-1.13425
-1.13425
-1.13425
-1.13425
-1.13425
-1.13425
-1.13425
-1.13425
-1.13425
-1.13425
-1.13425
-1.13425
-1.13425
-1.13425
-1.13425
-1.13425
-1.13425
-1.13425
-1.13425
-1.13425
-1.13425
-1.13425
-1.13425
-1.13425
-1.13425
-1.13425
-1.13425
-1.13425
-1.13425
-1.13425
-1.13425
-1.13425
-1.13425
-1.13425
-1.13425
-1.13425
-1.13425
-1.13425
-1.13425
-1.13425
-1.13425
-1.13425
-1.13425
-1.13425
-1.13425
-1.13425
-1.13425
-1.13425
-1.13425
-1.13425
-1.13425
-1.13425
-1.13425
-1.13425
-1.13425
-1.13425
-1.13425
-1.13425
-1.13425
-1.13425
-1.13425
-1.13425
-1.13425
-1.13425
-1.13425
-1.13425
-1.13425
-1.13425
-1.13425
-1.13425
-1.13425
-1.13425
-1.13425
-1.13425
-1.13425
-1.13425
-1.13425
-1.13425
-1.13425
-1.13425
-1.13425
-1.13425
-1.13425
-1.13425
-1.13425
-1.13425
-1.13425
-1.13425
-1.13425
-1.13425
-1.13425
-1.13425
-1.13425
-1.13425
-1.13425
-1.13425
-1.13425
-1.13425
-1.13425
-1.13425
-1.13425
-1.13425
-1.13425
-1.13425
-1.13425
-1.13425
-1.13425
-1.13425
-1.13425
-1.13425
-1.13425
-1.13425
-1.13425
-1.13425
-1.13425
-1.13425
-1.13425
-1.13425
-1.13425
-1.13425
-1.13425
-1.13425
-1.13425
-1.13425
-1.13425
-1.13425
-1.13425
-1.13425
-1.13425
-1.13425
-1.13425
-1.13425
-1.13425
-1.13425
-1.13425
-1.13425
-1.13425
-1.13425
-1.13425
-1.13425
-1.13425
-1.13425
-1.13425
-1.13425
-1.13425
-1.13425
-1.13425
-1.13425
-1.13425
-1.13425
-1.13425
-1.13425
-1.13425
-1.13425
-1.13425
-1.13425
-1.13425
-1.13425
-1.13425
-1.13425
-1.13425
-1.13425
-1.13425
-1.13425
-1.13425
-1.13425
-1.13425
-1.13425
-1.13425
-1.13425
-1.13425
-1.13425
-1.13425
-1.13425
-1.13425
-1.13425
-1.13425
-1.13425
-1.13425
-1.13425
-1.13425
-1.13425
-1.13425
-1.13425
-1.13425
-1.13425
-1.13425
-1.13425
-1.13425
-1.13425
-1.13425
-1.13425
-1.13425
-1.13425
-1.13425
-1.13425
-1.13425
-1.13425
-1.13425
-1.13425
-1.13425
-1.13425
-1.13425
-1.13425
-1.13425
-1.13425
-1.13425
-1.13425
-1.13425
-1.13425
-1.13425
-1.13425
-1.13425
-1.13425
-1.13425
-1.13425
-1.13425
-1.13425
-1.13425
-1.13425
-1.13425
-1.13425
-1.13425
-1.13425
-1.13425
-1.13425
-1.13425
-1.13426
-1.13426
-1.13426
-1.13426
-1.13426
-1.13426
-1.13426
-1.13426
-1.13426
-1.13426
-1.13426
-1.13426
-1.13426
-1.13426
-1.13426
-1.13426
-1.13426
-1.13426
-1.13426
-1.13426
-1.13426
-1.13426
-1.13426
-1.13426
-1.13426
-1.13426
-1.13426
-1.13426
-1.13426
-1.13426
-1.13426
-1.13426
-1.13426
-1.13426
-1.13426
-1.13426
-1.13426
-1.13426
-1.13426
-1.13426
-1.13426
-1.13426
-1.13426
-1.13426
-1.13426
-1.13426
-1.13426
-1.13426
-1.13426
-1.13426
-1.13426
-1.13426
-1.13426
-1.13426
-1.13426
-1.13426
-1.13426
-1.13426
-1.13426
-1.13426
-1.13426
-1.13426
-1.13426
-1.13426
-1.13426
-1.13426
-1.13426
-1.13426
-1.13426
-1.13426
-1.13426
-1.13426
-1.13426
-1.13426
-1.13426
-1.13426
-1.13426
-1.13426
-1.13426
-1.13426
-1.13426
-1.13426
-1.13426
-1.13426
-1.13426
-1.13426
-1.13426
-1.13426
-1.13426
-1.13426
-1.13426
-1.13426
-1.13426
-1.13426
-1.13426
-1.13426
-1.13426
-1.13426
-1.13426
-1.13426
-1.13426
-1.13426
-1.13426
-1.13426
-1.13426
-1.13426
-1.13426
-1.13426
-1.13426
-1.13426
-1.13426
-1.13426
-1.13426
-1.13426
-1.13426
-1.13426
-1.13426
-1.13426
-1.13426
-1.13426
-1.13426
-1.13426
-1.13426
-1.13426
-1.13426
-1.13426
-1.13426
-1.13426
-1.13426
-1.13426
-1.13426
-1.13426
-1.13426
-1.13426
-1.13426
-1.13426
-1.13426
-1.13426
-1.13426
-1.13426
-1.13426
-1.13426
-1.13426
-1.13426
-1.13426
-1.13426
-1.13426
-1.13426
-1.13426
-1.13426
-1.13426
-1.13426
-1.13426
-1.13426
-1.13426
-1.13426
-1.13426
-1.13426
-1.13426
-1.13426
-1.13426
-1.13426
-1.13426
-1.13426
-1.13426
-1.13426
-1.13426
-1.13426
-1.13426
-1.13426
-1.13426
-1.13426
-1.13426
-1.13426
-1.13426
-1.13426
-1.13426
-1.13426
-1.13426
-1.13426
-1.13426
-1.13426
-1.13426
-1.13426
-1.13426
-1.13426
-1.13426
-1.13426
-1.13426
-1.13426
-1.13426
-1.13426
-1.13426
-1.13426
-1.13426
-1.13426
-1.13426
-1.13426
-1.13426
-1.13426
-1.13426
-1.13426
-1.13426
-1.13426
-1.13426
-1.13426
-1.13426
-1.13426
-1.13426
-1.13426
-1.13426
-1.13426
-1.13426
-1.13426
-1.13426
-1.13426
-1.13426
-1.13426
-1.13426
-1.13426
-1.13426
-1.13426
-1.13426
-1.13426
-1.13426
-1.13426
-1.13426
-1.13426
-1.13426
-1.13426
-1.13426
-1.13426
-1.13426
-1.13426
-1.13426
-1.13426
-1.13426
-1.13426
-1.13426
-1.13426
-1.13426
-1.13426
-1.13426
-1.13426
-1.13426
-1.13426
-1.13426
-1.13426
-1.13426
-1.13426
-1.13426
-1.13426
-1.13426
-1.13426
-1.13426
-1.13426
-1.13426
-1.13426
-1.13426
-1.13426
-1.13426
-1.13426
-1.13426
-1.13426
-1.13426
-1.13426
-1.13426
-1.13426
-1.13426
-1.13426
-1.13426
-1.13426
-1.13426
-1.13426
-1.13426
-1.13426
-1.13426
-1.13426
-1.13426
-1.13426
-1.13426
-1.13426
-1.13426
-1.13426
-1.13426
-1.13426
-1.13426
-1.13426
-1.13426
-1.13427
-1.13427
-1.13427
-1.13427
-1.13427
-1.13427
-1.13427
-1.13427
-1.13427
-1.13427
-1.13427
-1.13427
-1.13427
-1.13427
-1.13427
-1.13427
-1.13427
-1.13427
-1.13427
-1.13427
-1.13427
-1.13427
-1.13427
-1.13427
-1.13427
-1.13427
-1.13427
-1.13427
-1.13427
-1.13427
-1.13427
-1.13427
-1.13427
-1.13427
-1.13427
-1.13427
-1.13427
-1.13427
-1.13427
-1.13427
-1.13427
-1.13427
-1.13427
-1.13427
-1.13427
-1.13427
-1.13427
-1.13427
-1.13427
-1.13427
-1.13427
-1.13427
-1.13427
-1.13427
-1.13427
-1.13427
-1.13427
-1.13427
-1.13427
-1.13427
-1.13427
-1.13427
-1.13427
-1.13427
-1.13427
-1.13427
-1.13427
-1.13427
-1.13427
-1.13427
-1.13427
-1.13427
-1.13427
-1.13427
-1.13427
-1.13427
-1.13427
-1.13427
-1.13427
-1.13427
-1.13427
-1.13427
-1.13427
-1.13427
-1.13427
-1.13427
-1.13427
-1.13427
-1.13427
-1.13427
-1.13427
-1.13427
-1.13427
-1.13427
-1.13427
-1.13427
-1.13427
-1.13427
-1.13427
-1.13427
-1.13427
-1.13427
-1.13427
-1.13427
-1.13427
-1.13427
-1.13427
-1.13427
-1.13427
-1.13427
-1.13427
-1.13427
-1.13427
-1.13427
-1.13427
-1.13427
-1.13427
-1.13427
-1.13427
-1.13427
-1.13427
-1.13427
-1.13427
-1.13427
-1.13427
-1.13427
-1.13427
-1.13427
-1.13427
-1.13427
-1.13427
-1.13427
-1.13427
-1.13427
-1.13427
-1.13427
-1.13427
-1.13427
-1.13427
-1.13427
-1.13427
-1.13427
-1.13427
-1.13427
-1.13427
-1.13427
-1.13427
-1.13427
-1.13427
-1.13427
-1.13427
-1.13427
-1.13427
-1.13427
-1.13427
-1.13427
-1.13427
-1.13427
-1.13427
-1.13427
-1.13427
-1.13427
-1.13427
-1.13427
-1.13427
-1.13427
-1.13427
-1.13427
-1.13427
-1.13427
-1.13427
-1.13427
-1.13427
-1.13427
-1.13427
-1.13427
-1.13427
-1.13427
-1.13427
-1.13427
-1.13427
-1.13427
-1.13427
-1.13427
-1.13427
-1.13427
-1.13427
-1.13427
-1.13427
-1.13427
-1.13427
-1.13427
-1.13427
-1.13427
-1.13427
-1.13427
-1.13427
-1.13427
-1.13427
-1.13427
-1.13427
-1.13427
-1.13427
-1.13427
-1.13427
-1.13427
-1.13427
-1.13427
-1.13427
-1.13427
-1.13427
-1.13427
-1.13427
-1.13427
-1.13427
-1.13427
-1.13427
-1.13427
-1.13427
-1.13427
-1.13427
-1.13427
-1.13427
-1.13427
-1.13427
-1.13427
-1.13427
-1.13427
-1.13427
-1.13427
-1.13427
-1.13427
-1.13427
-1.13427
-1.13427
-1.13427
-1.13427
-1.13427
-1.13427
-1.13427
-1.13427
-1.13427
-1.13427
-1.13427
-1.13427
-1.13427
-1.13427
-1.13427
-1.13427
-1.13427
-1.13427
-1.13427
-1.13427
-1.13427
-1.13427
-1.13427
-1.13427
-1.13427
-1.13427
-1.13427
-1.13427
-1.13427
-1.13427
-1.13427
-1.13427
-1.13427
-1.13427
-1.13427
-1.13427
-1.13427
-1.13427
-1.13427
-1.13427
-1.13427
-1.13427
-1.13427
-1.13427
-1.13427
-1.13427
-1.13427
-1.13427
-1.13427
-1.13427
-1.13427
-1.13427
-1.13427
-1.13427
-1.13427
-1.13427
-1.13427
-1.13427
-1.13428
-1.13428
-1.13428
-1.13428
-1.13428
-1.13428
-1.13428
-1.13428
-1.13428
-1.13428
-1.13428
-1.13428
-1.13428
-1.13428
-1.13428
-1.13428
-1.13428
-1.13428
-1.13428
-1.13428
-1.13428
-1.13428
-1.13428
-1.13428
-1.13428
-1.13428
-1.13428
-1.13428
-1.13428
-1.13428
-1.13428
-1.13428
-1.13428
-1.13428
-1.13428
-1.13428
-1.13428
-1.13428
-1.13428
-1.13428
-1.13428
-1.13428
-1.13428
-1.13428
-1.13428
-1.13428
-1.13428
-1.13428
-1.13428
-1.13428
-1.13428
-1.13428
-1.13428
-1.13428
-1.13428
-1.13428
-1.13428
-1.13428
-1.13428
-1.13428
-1.13428
-1.13428
-1.13428
-1.13428
-1.13428
-1.13428
-1.13428
-1.13428
-1.13428
-1.13428
-1.13428
-1.13428
-1.13428
-1.13428
-1.13428
-1.13428
-1.13428
-1.13428
-1.13428
-1.13428
-1.13428
-1.13428
-1.13428
-1.13428
-1.13428
-1.13428
-1.13428
-1.13428
-1.13428
-1.13428
-1.13428
-1.13428
-1.13428
-1.13428
-1.13428
-1.13428
-1.13428
-1.13428
-1.13428
-1.13428
-1.13428
-1.13428
-1.13428
-1.13428
-1.13428
-1.13428
-1.13428
-1.13428
-1.13428
-1.13428
-1.13428
-1.13428
-1.13428
-1.13428
-1.13428
-1.13428
-1.13428
-1.13428
-1.13428
-1.13428
-1.13428
-1.13428
-1.13428
-1.13428
-1.13428
-1.13428
-1.13428
-1.13428
-1.13428
-1.13428
-1.13428
-1.13428
-1.13428
-1.13428
-1.13428
-1.13428
-1.13428
-1.13428
-1.13428
-1.13428
-1.13428
-1.13428
-1.13428
-1.13428
-1.13428
-1.13428
-1.13428
-1.13428
-1.13428
-1.13428
-1.13428
-1.13428
-1.13428
-1.13428
-1.13428
-1.13428
-1.13428
-1.13428
-1.13428
-1.13428
-1.13428
-1.13428
-1.13428
-1.13428
-1.13428
-1.13428
-1.13428
-1.13428
-1.13428
-1.13428
-1.13428
-1.13428
-1.13428
-1.13428
-1.13428
-1.13428
-1.13428
-1.13428
-1.13428
-1.13428
-1.13428
-1.13428
-1.13428
-1.13428
-1.13428
-1.13428
-1.13428
-1.13428
-1.13428
-1.13428
-1.13428
-1.13428
-1.13428
-1.13428
-1.13428
-1.13428
-1.13428
-1.13428
-1.13428
-1.13428
-1.13428
-1.13428
-1.13428
-1.13428
-1.13428
-1.13428
-1.13428
-1.13428
-1.13428
-1.13428
-1.13428
-1.13428
-1.13428
-1.13428
-1.13428
-1.13428
-1.13428
-1.13428
-1.13428
-1.13428
-1.13428
-1.13428
-1.13428
-1.13428
-1.13428
-1.13428
-1.13428
-1.13428
-1.13428
-1.13428
-1.13428
-1.13428
-1.13428
-1.13428
-1.13428
-1.13428
-1.13428
-1.13428
-1.13428
-1.13428
-1.13428
-1.13428
-1.13428
-1.13428
-1.13428
-1.13428
-1.13428
-1.13428
-1.13428
-1.13428
-1.13428
-1.13428
-1.13428
-1.13428
-1.13428
-1.13428
-1.13428
-1.13428
-1.13428
-1.13428
-1.13428
-1.13428
-1.13428
-1.13428
-1.13428
-1.13428
-1.13428
-1.13428
-1.13428
-1.13428
-1.13428
-1.13428
-1.13428
-1.13428
-1.13428
-1.13428
-1.13428
-1.13428
-1.13428
-1.13428
-1.13428
-1.13428
-1.13428
-1.13428
-1.13428
-1.13428
-1.13428
-1.13428
-1.13428
-1.13428
-1.13428
-1.13428
-1.13429
-1.13429
-1.13429
-1.13429
-1.13429
-1.13429
-1.13429
-1.13429
-1.13429
-1.13429
-1.13429
-1.13429
-1.13429
-1.13429
-1.13429
-1.13429
-1.13429
-1.13429
-1.13429
-1.13429
-1.13429
-1.13429
-1.13429
-1.13429
-1.13429
-1.13429
-1.13429
-1.13429
-1.13429
-1.13429
-1.13429
-1.13429
-1.13429
-1.13429
-1.13429
-1.13429
-1.13429
-1.13429
-1.13429
-1.13429
-1.13429
-1.13429
-1.13429
-1.13429
-1.13429
-1.13429
-1.13429
-1.13429
-1.13429
-1.13429
-1.13429
-1.13429
-1.13429
-1.13429
-1.13429
-1.13429
-1.13429
-1.13429
-1.13429
-1.13429
-1.13429
-1.13429
-1.13429
-1.13429
-1.13429
-1.13429
-1.13429
-1.13429
-1.13429
-1.13429
-1.13429
-1.13429
-1.13429
-1.13429
-1.13429
-1.13429
-1.13429
-1.13429
-1.13429
-1.13429
-1.13429
-1.13429
-1.13429
-1.13429
-1.13429
-1.13429
-1.13429
-1.13429
-1.13429
-1.13429
-1.13429
-1.13429
-1.13429
-1.13429
-1.13429
-1.13429
-1.13429
-1.13429
-1.13429
-1.13429
-1.13429
-1.13429
-1.13429
-1.13429
-1.13429
-1.13429
-1.13429
-1.13429
-1.13429
-1.13429
-1.13429
-1.13429
-1.13429
-1.13429
-1.13429
-1.13429
-1.13429
-1.13429
-1.13429
-1.13429
-1.13429
-1.13429
-1.13429
-1.13429
-1.13429
-1.13429
-1.13429
-1.13429
-1.13429
-1.13429
-1.13429
-1.13429
-1.13429
-1.13429
-1.13429
-1.13429
-1.13429
-1.13429
-1.13429
-1.13429
-1.13429
-1.13429
-1.13429
-1.13429
-1.13429
-1.13429
-1.13429
-1.13429
-1.13429
-1.13429
-1.13429
-1.13429
-1.13429
-1.13429
-1.13429
-1.13429
-1.13429
-1.13429
-1.13429
-1.13429
-1.13429
-1.13429
-1.13429
-1.13429
-1.13429
-1.13429
-1.13429
-1.13429
-1.13429
-1.13429
-1.13429
-1.13429
-1.13429
-1.13429
-1.13429
-1.13429
-1.13429
-1.13429
-1.13429
-1.13429
-1.13429
-1.13429
-1.13429
-1.13429
-1.13429
-1.13429
-1.13429
-1.13429
-1.13429
-1.13429
-1.13429
-1.13429
-1.13429
-1.13429
-1.13429
-1.13429
-1.13429
-1.13429
-1.13429
-1.13429
-1.13429
-1.13429
-1.13429
-1.13429
-1.13429
-1.13429
-1.13429
-1.13429
-1.13429
-1.13429
-1.13429
-1.13429
-1.13429
-1.13429
-1.13429
-1.13429
-1.13429
-1.13429
-1.13429
-1.13429
-1.13429
-1.13429
-1.13429
-1.13429
-1.13429
-1.13429
-1.13429
-1.13429
-1.13429
-1.13429
-1.13429
-1.13429
-1.13429
-1.13429
-1.13429
-1.13429
-1.13429
-1.13429
-1.13429
-1.13429
-1.13429
-1.13429
-1.13429
-1.13429
-1.13429
-1.13429
-1.13429
-1.13429
-1.13429
-1.13429
-1.13429
-1.13429
-1.13429
-1.13429
-1.13429
-1.13429
-1.13429
-1.13429
-1.13429
-1.13429
-1.13429
-1.13429
-1.13429
-1.13429
-1.13429
-1.13429
-1.13429
-1.13429
-1.13429
-1.13429
-1.13429
-1.13429
-1.13429
-1.13429
-1.13429
-1.13429
-1.13429
-1.13429
-1.13429
-1.13429
-1.13429
-1.13429
-1.13429
-1.13429
-1.13429
-1.13429
-1.13429
-1.13429
-1.13429
-1.13429
-1.13429
-1.13429
-1.13429
-1.13429
-1.13429
-1.1343
-1.1343
-1.1343
-1.1343
-1.1343
-1.1343
-1.1343
-1.1343
-1.1343
-1.1343
-1.1343
-1.1343
-1.1343
-1.1343
-1.1343
-1.1343
-1.1343
-1.1343
-1.1343
-1.1343
-1.1343
-1.1343
-1.1343
-1.1343
-1.1343
-1.1343
-1.1343
-1.1343
-1.1343
-1.1343
-1.1343
-1.1343
-1.1343
-1.1343
-1.1343
-1.1343
-1.1343
-1.1343
-1.1343
-1.1343
-1.1343
-1.1343
-1.1343
-1.1343
-1.1343
-1.1343
-1.1343
-1.1343
-1.1343
-1.1343
-1.1343
-1.1343
-1.1343
-1.1343
-1.1343
-1.1343
-1.1343
-1.1343
-1.1343
-1.1343
-1.1343
-1.1343
-1.1343
-1.1343
-1.1343
-1.1343
-1.1343
-1.1343
-1.1343
-1.1343
-1.1343
-1.1343
-1.1343
-1.1343
-1.1343
-1.1343
-1.1343
-1.1343
-1.1343
-1.1343
-1.1343
-1.1343
-1.1343
-1.1343
-1.1343
-1.1343
-1.1343
-1.1343
-1.1343
-1.1343
-1.1343
-1.1343
-1.1343
-1.1343
-1.1343
-1.1343
-1.1343
-1.1343
-1.1343
-1.1343
-1.1343
-1.1343
-1.1343
-1.1343
-1.1343
-1.1343
-1.1343
-1.1343
-1.1343
-1.1343
-1.1343
-1.1343
-1.1343
-1.1343
-1.1343
-1.1343
-1.1343
-1.1343
-1.1343
-1.1343
-1.1343
-1.1343
-1.1343
-1.1343
-1.1343
-1.1343
-1.1343
-1.1343
-1.1343
-1.1343
-1.1343
-1.1343
-1.1343
-1.1343
-1.1343
-1.1343
-1.1343
-1.1343
-1.1343
-1.1343
-1.1343
-1.1343
-1.1343
-1.1343
-1.1343
-1.1343
-1.1343
-1.1343
-1.1343
-1.1343
-1.1343
-1.1343
-1.1343
-1.1343
-1.1343
-1.1343
-1.1343
-1.1343
-1.1343
-1.1343
-1.1343
-1.1343
-1.1343
-1.1343
-1.1343
-1.1343
-1.1343
-1.1343
-1.1343
-1.1343
-1.1343
-1.1343
-1.1343
-1.1343
-1.1343
-1.1343
-1.1343
-1.1343
-1.1343
-1.1343
-1.1343
-1.1343
-1.1343
-1.1343
-1.1343
-1.1343
-1.1343
-1.1343
-1.1343
-1.1343
-1.1343
-1.1343
-1.1343
-1.1343
-1.1343
-1.1343
-1.1343
-1.1343
-1.1343
-1.1343
-1.1343
-1.1343
-1.1343
-1.1343
-1.1343
-1.1343
-1.1343
-1.1343
-1.1343
-1.1343
-1.1343
-1.1343
-1.1343
-1.1343
-1.1343
-1.1343
-1.1343
-1.1343
-1.1343
-1.1343
-1.1343
-1.1343
-1.1343
-1.1343
-1.1343
-1.1343
-1.1343
-1.1343
-1.1343
-1.1343
-1.1343
-1.1343
-1.1343
-1.1343
-1.1343
-1.1343
-1.1343
-1.1343
-1.1343
-1.1343
-1.1343
-1.1343
-1.1343
-1.1343
-1.1343
-1.1343
-1.1343
-1.1343
-1.1343
-1.1343
-1.1343
-1.1343
-1.1343
-1.1343
-1.1343
-1.1343
-1.1343
-1.1343
-1.1343
-1.1343
-1.1343
-1.1343
-1.1343
-1.1343
-1.1343
-1.1343
-1.1343
-1.1343
-1.1343
-1.1343
-1.1343
-1.1343
-1.1343
-1.1343
-1.1343
-1.1343
-1.1343
-1.1343
-1.1343
-1.1343
-1.1343
-1.1343
-1.1343
-1.1343
-1.1343
-1.1343
-1.1343
-1.1343
-1.1343
-1.1343
-1.1343
-1.1343
-1.1343
-1.13431
-1.13431
-1.13431
-1.13431
-1.13431
-1.13431
-1.13431
-1.13431
-1.13431
-1.13431
-1.13431
-1.13431
-1.13431
-1.13431
-1.13431
-1.13431
-1.13431
-1.13431
-1.13431
-1.13431
-1.13431
-1.13431
-1.13431
-1.13431
-1.13431
-1.13431
-1.13431
-1.13431
-1.13431
-1.13431
-1.13431
-1.13431
-1.13431
-1.13431
-1.13431
-1.13431
-1.13431
-1.13431
-1.13431
-1.13431
-1.13431
-1.13431
-1.13431
-1.13431
-1.13431
-1.13431
-1.13431
-1.13431
-1.13431
-1.13431
-1.13431
-1.13431
-1.13431
-1.13431
-1.13431
-1.13431
-1.13431
-1.13431
-1.13431
-1.13431
-1.13431
-1.13431
-1.13431
-1.13431
-1.13431
-1.13431
-1.13431
-1.13431
-1.13431
-1.13431
-1.13431
-1.13431
-1.13431
-1.13431
-1.13431
-1.13431
-1.13431
-1.13431
-1.13431
-1.13431
-1.13431
-1.13431
-1.13431
-1.13431
-1.13431
-1.13431
-1.13431
-1.13431
-1.13431
-1.13431
-1.13431
-1.13431
-1.13431
-1.13431
-1.13431
-1.13431
-1.13431
-1.13431
-1.13431
-1.13431
-1.13431
-1.13431
-1.13431
-1.13431
-1.13431
-1.13431
-1.13431
-1.13431
-1.13431
-1.13431
-1.13431
-1.13431
-1.13431
-1.13431
-1.13431
-1.13431
-1.13431
-1.13431
-1.13431
-1.13431
-1.13431
-1.13431
-1.13431
-1.13431
-1.13431
-1.13431
-1.13431
-1.13431
-1.13431
-1.13431
-1.13431
-1.13431
-1.13431
-1.13431
-1.13431
-1.13431
-1.13431
-1.13431
-1.13431
-1.13431
-1.13431
-1.13431
-1.13431
-1.13431
-1.13431
-1.13431
-1.13431
-1.13431
-1.13431
-1.13431
-1.13431
-1.13431
-1.13431
-1.13431
-1.13431
-1.13431
-1.13431
-1.13431
-1.13431
-1.13431
-1.13431
-1.13431
-1.13431
-1.13431
-1.13431
-1.13431
-1.13431
-1.13431
-1.13431
-1.13431
-1.13431
-1.13431
-1.13431
-1.13431
-1.13431
-1.13431
-1.13431
-1.13431
-1.13431
-1.13431
-1.13431
-1.13431
-1.13431
-1.13431
-1.13431
-1.13431
-1.13431
-1.13431
-1.13431
-1.13431
-1.13431
-1.13431
-1.13431
-1.13431
-1.13431
-1.13431
-1.13431
-1.13431
-1.13431
-1.13431
-1.13431
-1.13431
-1.13431
-1.13431
-1.13431
-1.13431
-1.13431
-1.13431
-1.13431
-1.13431
-1.13431
-1.13431
-1.13431
-1.13431
-1.13431
-1.13431
-1.13431
-1.13431
-1.13431
-1.13431
-1.13431
-1.13431
-1.13431
-1.13431
-1.13431
-1.13431
-1.13431
-1.13431
-1.13431
-1.13431
-1.13431
-1.13431
-1.13431
-1.13431
-1.13431
-1.13431
-1.13431
-1.13431
-1.13431
-1.13431
-1.13431
-1.13431
-1.13431
-1.13431
-1.13431
-1.13431
-1.13431
-1.13431
-1.13431
-1.13431
-1.13431
-1.13431
-1.13431
-1.13431
-1.13431
-1.13431
-1.13431
-1.13431
-1.13431
-1.13431
-1.13431
-1.13431
-1.13431
-1.13431
-1.13431
-1.13431
-1.13431
-1.13431
-1.13431
-1.13431
-1.13431
-1.13431
-1.13431
-1.13431
-1.13431
-1.13431
-1.13431
-1.13431
-1.13431
-1.13431
-1.13431
-1.13431
-1.13431
-1.13431
-1.13431
-1.13431
-1.13431
-1.13431
-1.13431
-1.13431
-1.13431
-1.13431
-1.13431
-1.13431
-1.13431
-1.13431
-1.13431
-1.13431
-1.13431
-1.13432
-1.13432
-1.13432
-1.13432
-1.13432
-1.13432
-1.13432
-1.13432
-1.13432
-1.13432
-1.13432
-1.13432
-1.13432
-1.13432
-1.13432
-1.13432
-1.13432
-1.13432
-1.13432
-1.13432
-1.13432
-1.13432
-1.13432
-1.13432
-1.13432
-1.13432
-1.13432
-1.13432
-1.13432
-1.13432
-1.13432
-1.13432
-1.13432
-1.13432
-1.13432
-1.13432
-1.13432
-1.13432
-1.13432
-1.13432
-1.13432
-1.13432
-1.13432
-1.13432
-1.13432
-1.13432
-1.13432
-1.13432
-1.13432
-1.13432
-1.13432
-1.13432
-1.13432
-1.13432
-1.13432
-1.13432
-1.13432
-1.13432
-1.13432
-1.13432
-1.13432
-1.13432
-1.13432
-1.13432
-1.13432
-1.13432
-1.13432
-1.13432
-1.13432
-1.13432
-1.13432
-1.13432
-1.13432
-1.13432
-1.13432
-1.13432
-1.13432
-1.13432
-1.13432
-1.13432
-1.13432
-1.13432
-1.13432
-1.13432
-1.13432
-1.13432
-1.13432
-1.13432
-1.13432
-1.13432
-1.13432
-1.13432
-1.13432
-1.13432
-1.13432
-1.13432
-1.13432
-1.13432
-1.13432
-1.13432
-1.13432
-1.13432
-1.13432
-1.13432
-1.13432
-1.13432
-1.13432
-1.13432
-1.13432
-1.13432
-1.13432
-1.13432
-1.13432
-1.13432
-1.13432
-1.13432
-1.13432
-1.13432
-1.13432
-1.13432
-1.13432
-1.13432
-1.13432
-1.13432
-1.13432
-1.13432
-1.13432
-1.13432
-1.13432
-1.13432
-1.13432
-1.13432
-1.13432
-1.13432
-1.13432
-1.13432
-1.13432
-1.13432
-1.13432
-1.13432
-1.13432
-1.13432
-1.13432
-1.13432
-1.13432
-1.13432
-1.13432
-1.13432
-1.13432
-1.13432
-1.13432
-1.13432
-1.13432
-1.13432
-1.13432
-1.13432
-1.13432
-1.13432
-1.13432
-1.13432
-1.13432
-1.13432
-1.13432
-1.13432
-1.13432
-1.13432
-1.13432
-1.13432
-1.13432
-1.13432
-1.13432
-1.13432
-1.13432
-1.13432
-1.13432
-1.13432
-1.13432
-1.13432
-1.13432
-1.13432
-1.13432
-1.13432
-1.13432
-1.13432
-1.13432
-1.13432
-1.13432
-1.13432
-1.13432
-1.13432
-1.13432
-1.13432
-1.13432
-1.13432
-1.13432
-1.13432
-1.13432
-1.13432
-1.13432
-1.13432
-1.13432
-1.13432
-1.13432
-1.13432
-1.13432
-1.13432
-1.13432
-1.13432
-1.13432
-1.13432
-1.13432
-1.13432
-1.13432
-1.13432
-1.13432
-1.13432
-1.13432
-1.13432
-1.13432
-1.13432
-1.13432
-1.13432
-1.13432
-1.13432
-1.13432
-1.13432
-1.13432
-1.13432
-1.13432
-1.13432
-1.13432
-1.13432
-1.13432
-1.13432
-1.13432
-1.13432
-1.13432
-1.13432
-1.13432
-1.13432
-1.13432
-1.13432
-1.13432
-1.13432
-1.13432
-1.13432
-1.13432
-1.13432
-1.13432
-1.13432
-1.13432
-1.13432
-1.13432
-1.13432
-1.13432
-1.13432
-1.13432
-1.13432
-1.13432
-1.13432
-1.13432
-1.13432
-1.13432
-1.13432
-1.13432
-1.13432
-1.13432
-1.13432
-1.13432
-1.13432
-1.13432
-1.13432
-1.13432
-1.13432
-1.13432
-1.13432
-1.13432
-1.13432
-1.13432
-1.13432
-1.13432
-1.13432
-1.13432
-1.13432
-1.13432
-1.13432
-1.13432
-1.13432
-1.13432
-1.13432
-1.13432
-1.13432
-1.13432
-1.13432
-1.13432
-1.13432
-1.13432
-1.13432
-1.13432
-1.13432
-1.13432
-1.13432
-1.13432
-1.13432
-1.13433
-1.13433
-1.13433
-1.13433
-1.13433
-1.13433
-1.13433
-1.13433
-1.13433
-1.13433
-1.13433
-1.13433
-1.13433
-1.13433
-1.13433
-1.13433
-1.13433
-1.13433
-1.13433
-1.13433
-1.13433
-1.13433
-1.13433
-1.13433
-1.13433
-1.13433
-1.13433
-1.13433
-1.13433
-1.13433
-1.13433
-1.13433
-1.13433
-1.13433
-1.13433
-1.13433
