-1.0345e-06
-1.076e-06
-1.11566e-06
0.07705
0.154095
0.231134
0.30582
0.378123
0.448015
0.515536
0.658256
0.800971
0.933867
1.06221
1.18404
1.29586
1.4034
1.50297
1.59143
1.67611
1.75372
1.82806
1.89269
1.94564
1.99302
2.03513
2.07252
2.1077
2.13673
2.16195
2.18351
2.20163
2.21657
2.23
2.24053
2.24697
2.25214
2.25362
2.25402
2.25217
2.24831
2.24253
2.23404
2.22481
2.21402
2.20181
2.18824
2.17346
2.15752
2.14052
2.12253
2.10365
2.08392
2.06344
2.04226
2.02044
1.99769
1.97446
1.95079
1.92675
1.90238
1.87774
1.85307
1.82819
1.80313
1.77775
1.75241
1.72698
1.70136
1.67573
1.6501
1.62451
1.59897
1.57351
1.54814
1.52289
1.49781
1.47286
1.44806
1.42343
1.39898
1.37471
1.35067
1.32684
1.30324
1.27988
1.25676
1.23389
1.21127
1.18892
1.16683
1.14495
1.1234
1.10207
1.08108
1.06037
1.03988
1.01968
0.99983
0.980198
0.960854
0.941878
0.923115
0.90464
0.886535
0.868638
0.851028
0.833704
0.816665
0.799994
0.783521
0.767413
0.751579
0.73602
0.720649
0.705546
0.690708
0.676134
0.661822
0.647851
0.634058
0.62052
0.607311
0.59435
0.581555
0.569002
0.556687
0.544606
0.532757
0.521213
0.509895
0.498728
0.48778
0.477047
0.466594
0.456352
0.446248
0.436413
0.426776
0.417269
0.408018
0.398954
0.390076
0.381381
0.372803
0.364402
0.356227
0.348166
0.340331
0.332605
0.325097
0.317749
0.310501
0.303458
0.296565
0.28982
0.28317
0.276711
0.27034
0.264107
0.257962
0.25195
0.246116
0.240413
0.234838
0.229386
0.224099
0.218931
0.213876
0.208933
0.2041
0.199374
0.194753
0.190196
0.185774
0.181452
0.177227
0.173064
0.169024
0.165075
0.161215
0.157444
0.153758
0.150126
0.146604
0.143135
0.139773
0.136488
0.133254
0.130121
0.127034
0.12402
0.121051
0.118201
0.115419
0.112677
0.11002
0.107402
0.104864
0.102383
0.099959
0.0975905
0.0952744
0.0930112
0.0907981
0.0886359
0.0865057
0.084423
0.0823884
0.0804015
0.0784762
0.076597
0.0747626
0.0729559
0.0711901
0.0694658
0.067797
0.0661664
0.0645611
0.0629799
0.0614637
0.0599839
0.0585386
0.0571284
0.0557517
0.0544069
0.0530816
0.0517964
0.0505412
0.0493156
0.0481189
0.0469503
0.0458092
0.0446849
0.0435968
0.0425343
0.0414972
0.0404755
0.0394871
0.0385221
0.0375803
0.0366609
0.0357553
0.0348711
0.0340146
0.033179
0.0323642
0.031562
0.0307866
0.0300302
0.0292856
0.0285592
0.0278558
0.0271697
0.0265008
0.0258485
0.0252122
0.0245858
0.0239689
0.0233783
0.0228024
0.0222356
0.021683
0.0211441
0.0206235
0.0201111
0.0196115
0.0191194
0.0186488
0.0181855
0.0177383
0.0173022
0.016877
0.0164622
0.0160538
0.015659
0.0152738
0.0148946
0.0145246
0.0141671
0.0138184
0.0134751
0.0131435
0.01282
0.0125045
0.0121968
0.0118937
0.0115979
0.0113122
0.0110335
0.0107617
0.0104941
0.0102355
0.00998328
0.00973488
0.00949014
0.00925608
0.00902558
0.00880312
0.00858396
0.00836808
0.00816181
0.00795865
0.00776059
0.00756946
0.0073812
0.00719575
0.00701851
0.00684561
0.0066769
0.00651221
0.00635137
0.00619427
0.00603923
0.00588783
0.00574
0.00559573
0.0054565
0.00531918
0.00518525
0.0050546
0.0049286
0.00480574
0.0046846
0.00456645
0.00445122
0.00433885
0.00422927
0.00412246
0.00401834
0.00391805
0.00381915
0.00372391
0.00362995
0.00353945
0.00345122
0.00336423
0.00328041
0.00319774
0.00311716
0.00303953
0.00296299
0.00288839
0.00281568
0.00274484
0.0026758
0.00260855
0.00254303
0.00247921
0.00241704
0.00235649
0.00229823
0.00224147
0.0021855
0.00213097
0.00207846
0.00202729
0.00197682
0.00192765
0.00187971
0.001833
0.00178747
0.00174366
0.00170097
0.00165939
0.00161887
0.00157887
0.00153987
0.00150184
0.00146478
0.00142909
0.00139389
0.00136002
0.001327
0.00129442
0.00126266
0.00123169
0.00120186
0.00117277
0.00114408
0.00111644
0.00108947
0.00106318
0.00103753
0.00101221
0.000987516
0.0009637
0.000940467
0.000917817
0.000895729
0.000874174
0.000853136
0.000832367
0.00081186
0.000792306
0.000773229
0.000754625
0.000736477
0.000718762
0.000701467
0.000684388
0.000667715
0.000651606
0.000635882
0.000620532
0.000605386
0.000590754
0.000576455
0.000562352
0.00054857
0.000534967
0.000521828
0.000509126
0.000496725
0.000484617
0.000472791
0.000461121
0.000449819
0.000438672
0.000427782
0.000417227
0.000406914
0.000396836
0.00038698
0.000377333
0.000367896
0.000358595
0.000349432
0.000340599
0.000331957
0.000323503
0.000315184
0.000307038
0.000299076
0.000291322
0.000283734
0.000276313
0.000269011
0.000261862
0.000254891
0.000248063
0.000241359
0.00023479
0.00022836
0.000222078
0.000215923
0.000209831
0.000203846
0.000198035
0.000192346
0.00018674
0.000181212
0.000175773
0.000170414
0.000166399
0.000162406
0.000158439
0.000154461
0.0001505
0.000146465
0.000142551
0.00013878
0.000135154
0.000131669
0.000128352
0.000125152
0.000120801
0.000116613
0.000112617
0.000108808
0.000105173
0.000101738
9.84876e-05
9.54085e-05
9.24812e-05
8.97098e-05
8.7088e-05
8.46021e-05
8.22352e-05
7.99847e-05
7.78147e-05
7.57437e-05
7.37778e-05
7.1903e-05
7.00821e-05
6.83333e-05
6.66715e-05
6.50759e-05
6.35175e-05
6.20376e-05
6.06e-05
5.92151e-05
5.78693e-05
5.65629e-05
5.52908e-05
5.40539e-05
5.28211e-05
5.16139e-05
5.04357e-05
4.93013e-05
4.81708e-05
4.70603e-05
4.59689e-05
4.49024e-05
4.38752e-05
4.28687e-05
4.18787e-05
4.09221e-05
3.99428e-05
3.8975e-05
3.80186e-05
3.70973e-05
3.61711e-05
3.52709e-05
3.438e-05
3.34813e-05
3.25927e-05
3.17202e-05
3.08645e-05
3.00146e-05
2.917e-05
2.83498e-05
2.75393e-05
2.67274e-05
2.59252e-05
2.51308e-05
2.43511e-05
2.35817e-05
2.28198e-05
2.20829e-05
2.13438e-05
2.06093e-05
1.98976e-05
1.9185e-05
1.84884e-05
1.78057e-05
1.71215e-05
1.64435e-05
1.57696e-05
1.51153e-05
1.44754e-05
1.38353e-05
1.32134e-05
1.2601e-05
1.19957e-05
1.13889e-05
1.07983e-05
1.02129e-05
9.63345e-06
9.06452e-06
8.50035e-06
7.95715e-06
7.41771e-06
6.88755e-06
6.35558e-06
5.83079e-06
5.31118e-06
4.80394e-06
4.31064e-06
3.81774e-06
3.33536e-06
2.87036e-06
2.41166e-06
1.96022e-06
1.51281e-06
1.06655e-06
6.35464e-07
2.12486e-07
-2.08798e-07
-6.23577e-07
-1.03061e-06
-1.42345e-06
-1.81911e-06
-2.20116e-06
-2.57336e-06
-2.94029e-06
-3.30294e-06
-3.65975e-06
-4.00781e-06
-4.3429e-06
-4.68041e-06
-5.01656e-06
-5.34393e-06
-5.66173e-06
-5.96778e-06
-6.27527e-06
-6.57502e-06
-6.85763e-06
-7.14346e-06
-7.42851e-06
-7.70785e-06
-7.97704e-06
-8.23365e-06
-8.48879e-06
-8.74391e-06
-8.99419e-06
-9.22962e-06
-9.46112e-06
-9.69144e-06
-9.91937e-06
-1.01451e-05
-1.03568e-05
-1.05711e-05
-1.07821e-05
-1.09792e-05
-1.11809e-05
-1.13693e-05
-1.15514e-05
-1.17412e-05
-1.19228e-05
-1.2099e-05
-1.22694e-05
-1.24268e-05
-1.25928e-05
-1.27538e-05
-1.29085e-05
-1.30508e-05
-1.32012e-05
-1.33517e-05
-1.34903e-05
-1.36248e-05
-1.37634e-05
-1.38969e-05
-1.40271e-05
-1.41459e-05
-1.42661e-05
-1.43809e-05
-1.44915e-05
-1.46141e-05
-1.47302e-05
-1.48434e-05
-1.49454e-05
-1.50479e-05
-1.51473e-05
-1.52444e-05
-1.53421e-05
-1.54386e-05
-1.55249e-05
-1.56102e-05
-1.56991e-05
-1.57871e-05
-1.58673e-05
-1.59377e-05
-1.60026e-05
-1.60668e-05
-1.61353e-05
-1.61943e-05
-1.62564e-05
-1.63221e-05
-1.63874e-05
-1.64537e-05
-1.65192e-05
-1.65846e-05
-1.66446e-05
-1.66956e-05
-1.67391e-05
-1.67824e-05
-1.68311e-05
-1.6881e-05
-1.69226e-05
-1.6977e-05
-1.70275e-05
-1.70724e-05
-1.71146e-05
-1.71491e-05
-1.71874e-05
-1.72271e-05
-1.72589e-05
-1.73002e-05
-1.73352e-05
-1.73644e-05
-1.73941e-05
-1.74166e-05
-1.74389e-05
-1.7473e-05
-1.75027e-05
-1.75277e-05
-1.75445e-05
-1.75702e-05
-1.75989e-05
-1.76139e-05
-1.76293e-05
-1.76372e-05
-1.76384e-05
-1.76606e-05
-1.7685e-05
-1.77063e-05
-1.77202e-05
-1.77274e-05
-1.77366e-05
-1.77578e-05
-1.77751e-05
-1.77864e-05
-1.7791e-05
-1.77976e-05
-1.78117e-05
-1.783e-05
-1.78348e-05
-1.78411e-05
-1.78403e-05
-1.78421e-05
-1.78554e-05
-1.78554e-05
-1.78585e-05
-1.78642e-05
-1.78629e-05
-1.78663e-05
-1.78722e-05
-1.78711e-05
-1.7879e-05
-1.78798e-05
-1.78802e-05
-1.78756e-05
-1.78758e-05
-1.78776e-05
-1.78737e-05
-1.78804e-05
-1.78826e-05
-1.78841e-05
-1.78862e-05
-1.78817e-05
-1.78712e-05
-1.78695e-05
-1.78615e-05
-1.786e-05
-1.78561e-05
-1.78582e-05
-1.78481e-05
-1.78406e-05
-1.7837e-05
-1.78336e-05
-1.78322e-05
-1.78184e-05
-1.78051e-05
-1.77853e-05
-1.77809e-05
-1.77775e-05
-1.77621e-05
-1.7751e-05
-1.77399e-05
-1.77314e-05
-1.77224e-05
-1.77003e-05
-1.76868e-05
-1.76725e-05
-1.76529e-05
-1.76425e-05
-1.7628e-05
-1.76103e-05
-1.75913e-05
-1.75773e-05
-1.75662e-05
-1.75543e-05
-1.75301e-05
-1.751e-05
-1.74898e-05
-1.74741e-05
-1.74521e-05
-1.74314e-05
-1.74144e-05
-1.73928e-05
-1.7366e-05
-1.7342e-05
-1.7328e-05
-1.73074e-05
-1.72843e-05
-1.72544e-05
-1.72324e-05
-1.72153e-05
-1.71924e-05
-1.71682e-05
-1.71471e-05
-1.71204e-05
-1.70987e-05
-1.70704e-05
-1.70452e-05
-1.70253e-05
-1.70036e-05
-1.69744e-05
-1.69497e-05
-1.69185e-05
-1.6897e-05
-1.68772e-05
-1.68588e-05
-1.68363e-05
-1.68073e-05
-1.6772e-05
-1.67447e-05
-1.67125e-05
-1.66896e-05
-1.66618e-05
-1.66358e-05
-1.6609e-05
-1.6577e-05
-1.65421e-05
-1.65071e-05
-1.64662e-05
-1.64439e-05
-1.642e-05
-1.63989e-05
-1.63794e-05
-1.63476e-05
-1.63163e-05
-1.62859e-05
-1.62488e-05
-1.62187e-05
-1.61829e-05
-1.61475e-05
-1.61191e-05
-1.60853e-05
-1.6057e-05
-1.60341e-05
-1.60087e-05
-1.59797e-05
-1.59448e-05
-1.59016e-05
-1.58658e-05
-1.58246e-05
-1.57899e-05
-1.57579e-05
-1.57246e-05
-1.56939e-05
-1.56574e-05
-1.56185e-05
-1.55887e-05
-1.5554e-05
-1.552e-05
-1.5486e-05
-1.54576e-05
-1.54232e-05
-1.53828e-05
-1.53372e-05
-1.52912e-05
-1.52441e-05
-1.52009e-05
-1.51589e-05
-1.51156e-05
-1.50758e-05
-1.50335e-05
-1.4993e-05
-1.49473e-05
-1.49017e-05
-1.48553e-05
-1.48033e-05
-1.4759e-05
-1.47125e-05
-1.4668e-05
-1.46207e-05
-1.45747e-05
-1.45229e-05
-1.44762e-05
-1.4427e-05
-1.43723e-05
-1.43172e-05
-1.42641e-05
-1.42123e-05
-1.4158e-05
-1.41059e-05
-1.40558e-05
-1.4014e-05
-1.39688e-05
-1.39197e-05
-1.3871e-05
-1.38191e-05
-1.3761e-05
-1.37025e-05
-1.36383e-05
-1.35731e-05
-1.3501e-05
-1.34233e-05
-1.3346e-05
-1.32686e-05
-1.31903e-05
-1.31118e-05
-1.30263e-05
-1.29309e-05
-1.28267e-05
-1.27157e-05
-1.25928e-05
-1.24595e-05
-1.23198e-05
-1.21796e-05
-1.20287e-05
-1.1867e-05
-1.16992e-05
-1.15223e-05
-1.13454e-05
-1.1166e-05
-1.09795e-05
-1.07859e-05
-1.05916e-05
-1.03994e-05
-1.0202e-05
-9.99591e-06
-9.78886e-06
-9.58088e-06
-9.36262e-06
-9.1471e-06
-8.93162e-06
-8.7109e-06
-8.49417e-06
-8.27043e-06
-8.05077e-06
-7.82606e-06
-7.59962e-06
-7.374e-06
-7.13805e-06
-6.90036e-06
-6.66142e-06
-6.41823e-06
-6.17734e-06
-5.93241e-06
-5.6928e-06
-5.45301e-06
-5.20402e-06
-4.95663e-06
-4.71545e-06
-4.46535e-06
-4.21567e-06
-3.97143e-06
-3.72162e-06
-3.46466e-06
-3.19982e-06
-2.94213e-06
-2.69249e-06
-2.42954e-06
-2.17422e-06
-1.906e-06
-1.63752e-06
-1.37695e-06
-1.11079e-06
-8.47487e-07
-5.86064e-07
-3.2245e-07
-4.38354e-08
2.26478e-07
4.99625e-07
7.6373e-07
1.04649e-06
1.3332e-06
1.61145e-06
1.90324e-06
2.18568e-06
2.47134e-06
2.75504e-06
3.02938e-06
3.3166e-06
3.60852e-06
3.89179e-06
4.17086e-06
4.45381e-06
4.73199e-06
5.01525e-06
5.29734e-06
5.58377e-06
5.88473e-06
6.16972e-06
6.45627e-06
6.75181e-06
7.04475e-06
7.34452e-06
7.64162e-06
7.92873e-06
8.20853e-06
8.50248e-06
8.79699e-06
9.08301e-06
9.37946e-06
9.66688e-06
9.9592e-06
1.025e-05
1.05324e-05
1.08263e-05
1.11154e-05
1.13964e-05
1.16891e-05
1.19776e-05
1.22624e-05
1.25419e-05
1.28115e-05
1.30976e-05
1.33679e-05
1.36468e-05
1.39099e-05
1.41679e-05
1.44395e-05
1.47028e-05
1.49611e-05
1.52402e-05
1.55041e-05
1.57789e-05
1.60388e-05
1.6299e-05
1.65495e-05
1.68064e-05
1.70604e-05
1.73007e-05
1.75535e-05
1.78068e-05
1.80592e-05
1.83106e-05
1.85573e-05
1.87902e-05
1.90157e-05
1.92556e-05
1.94896e-05
1.97093e-05
1.99396e-05
2.01555e-05
2.03826e-05
2.06071e-05
2.08175e-05
2.10195e-05
2.12083e-05
2.14179e-05
2.16246e-05
2.18364e-05
2.2028e-05
2.22202e-05
2.24015e-05
2.25959e-05
2.27882e-05
2.29765e-05
2.31602e-05
2.3342e-05
2.3521e-05
2.36876e-05
2.3836e-05
2.40018e-05
2.41628e-05
2.43239e-05
2.44823e-05
2.4623e-05
2.47456e-05
2.48814e-05
2.50129e-05
2.51416e-05
2.5267e-05
2.53874e-05
2.55093e-05
2.56287e-05
2.57421e-05
2.58526e-05
2.59643e-05
2.60692e-05
2.61727e-05
2.62717e-05
2.63705e-05
2.64598e-05
2.65501e-05
2.66339e-05
2.67281e-05
2.68227e-05
2.69082e-05
2.69774e-05
2.70429e-05
2.71087e-05
2.7167e-05
2.7225e-05
2.72844e-05
2.73398e-05
2.73946e-05
2.74521e-05
2.75067e-05
2.75511e-05
2.75806e-05
2.76046e-05
2.76236e-05
2.76419e-05
2.76568e-05
2.76737e-05
2.76837e-05
2.76893e-05
2.76883e-05
2.76935e-05
2.76918e-05
2.76797e-05
2.76818e-05
2.76778e-05
2.76708e-05
2.76517e-05
2.76267e-05
2.76062e-05
2.75742e-05
2.75517e-05
2.75252e-05
2.74889e-05
2.74491e-05
2.74112e-05
2.73739e-05
2.73247e-05
2.72646e-05
2.72086e-05
2.71489e-05
2.70878e-05
2.70248e-05
2.69634e-05
2.68994e-05
2.68242e-05
2.67388e-05
2.66584e-05
2.65706e-05
2.64876e-05
2.63988e-05
2.63028e-05
2.62154e-05
2.61261e-05
2.60272e-05
2.59326e-05
2.58338e-05
2.57252e-05
2.56245e-05
2.55163e-05
2.54059e-05
2.52914e-05
2.51785e-05
2.50675e-05
2.49471e-05
2.48291e-05
2.47047e-05
2.45792e-05
2.44289e-05
2.42605e-05
2.40737e-05
2.38683e-05
2.36451e-05
2.34075e-05
2.31543e-05
2.28997e-05
2.26434e-05
2.23856e-05
2.21186e-05
2.18487e-05
2.15788e-05
2.13145e-05
2.10415e-05
2.07788e-05
2.05114e-05
2.02462e-05
1.99749e-05
1.97091e-05
1.94493e-05
1.91841e-05
1.89182e-05
1.86587e-05
1.8396e-05
1.81363e-05
1.78783e-05
1.7626e-05
1.73708e-05
1.71093e-05
1.68518e-05
1.65967e-05
1.6344e-05
1.60937e-05
1.58436e-05
1.55894e-05
1.53329e-05
1.50743e-05
1.48197e-05
1.45671e-05
1.43123e-05
1.40553e-05
1.38003e-05
1.35426e-05
1.32868e-05
1.3027e-05
1.27687e-05
1.25148e-05
1.22614e-05
1.20114e-05
1.17551e-05
1.14993e-05
1.12337e-05
1.09775e-05
1.07198e-05
1.04542e-05
1.01871e-05
9.91927e-06
9.65497e-06
9.38507e-06
9.11781e-06
8.85611e-06
8.58451e-06
8.32297e-06
8.05333e-06
7.78399e-06
7.51779e-06
7.24354e-06
6.96868e-06
6.69309e-06
6.41542e-06
6.14181e-06
5.86321e-06
5.5927e-06
5.32553e-06
5.05029e-06
4.77631e-06
4.49646e-06
4.22083e-06
3.9481e-06
3.68588e-06
3.41534e-06
3.1348e-06
2.86406e-06
2.58312e-06
2.31255e-06
2.03385e-06
1.75816e-06
1.47327e-06
1.18801e-06
9.0675e-07
6.35235e-07
3.59018e-07
8.2028e-08
-1.93699e-07
-4.64934e-07
-7.36671e-07
-9.98809e-07
-1.25961e-06
-1.52635e-06
-1.79357e-06
-2.06454e-06
-2.33294e-06
-2.5921e-06
-2.86285e-06
-3.1234e-06
-3.36878e-06
-3.6279e-06
-3.88852e-06
-4.15315e-06
-4.41104e-06
-4.66012e-06
-4.90444e-06
-5.15087e-06
-5.39361e-06
-5.63663e-06
-5.87697e-06
-6.11506e-06
-6.35761e-06
-6.59685e-06
-6.84312e-06
-7.08116e-06
-7.32312e-06
-7.56267e-06
-7.79721e-06
-8.0284e-06
-8.26006e-06
-8.48289e-06
-8.71053e-06
-8.93524e-06
-9.14602e-06
-9.36252e-06
-9.57903e-06
-9.78962e-06
-9.99969e-06
-1.02105e-05
-1.04146e-05
-1.06106e-05
-1.07931e-05
-1.09854e-05
-1.11709e-05
-1.13646e-05
-1.15442e-05
-1.17159e-05
-1.18986e-05
-1.20688e-05
-1.22391e-05
-1.24052e-05
-1.2565e-05
-1.27247e-05
-1.28786e-05
-1.30355e-05
-1.3197e-05
-1.33467e-05
-1.34904e-05
-1.36436e-05
-1.37843e-05
-1.39263e-05
-1.40566e-05
-1.4184e-05
-1.43106e-05
-1.44253e-05
-1.45401e-05
-1.46597e-05
-1.47674e-05
-1.48776e-05
-1.49844e-05
-1.50875e-05
-1.51888e-05
-1.52859e-05
-1.53789e-05
-1.54692e-05
-1.55586e-05
-1.5648e-05
-1.57308e-05
-1.58108e-05
-1.58893e-05
-1.59637e-05
-1.6037e-05
-1.61059e-05
-1.61733e-05
-1.62383e-05
-1.63086e-05
-1.63628e-05
-1.64149e-05
-1.64636e-05
-1.65031e-05
-1.65389e-05
-1.65773e-05
-1.66178e-05
-1.66588e-05
-1.66912e-05
-1.67202e-05
-1.67402e-05
-1.67511e-05
-1.67671e-05
-1.67798e-05
-1.67925e-05
-1.67989e-05
-1.67984e-05
-1.68062e-05
-1.68026e-05
-1.67926e-05
-1.67811e-05
-1.67632e-05
-1.67488e-05
-1.67321e-05
-1.67095e-05
-1.66806e-05
-1.66483e-05
-1.66106e-05
-1.65736e-05
-1.65361e-05
-1.64973e-05
-1.64586e-05
-1.64147e-05
-1.63687e-05
-1.63159e-05
-1.62566e-05
-1.61926e-05
-1.61296e-05
-1.60663e-05
-1.60032e-05
-1.59347e-05
-1.58675e-05
-1.57949e-05
-1.57245e-05
-1.56515e-05
-1.55769e-05
-1.55012e-05
-1.54175e-05
-1.53267e-05
-1.52329e-05
-1.51345e-05
-1.50361e-05
-1.49339e-05
-1.48322e-05
-1.47274e-05
-1.46218e-05
-1.45131e-05
-1.44037e-05
-1.42948e-05
-1.41833e-05
-1.40685e-05
-1.39527e-05
-1.38333e-05
-1.37174e-05
-1.36066e-05
-1.3494e-05
-1.3379e-05
-1.32613e-05
-1.3141e-05
-1.30166e-05
-1.28872e-05
-1.2755e-05
-1.26198e-05
-1.2482e-05
-1.23488e-05
-1.22131e-05
-1.20822e-05
-1.19468e-05
-1.18096e-05
-1.16662e-05
-1.15229e-05
-1.13859e-05
-1.12434e-05
-1.10995e-05
-1.09583e-05
-1.08194e-05
-1.0677e-05
-1.05282e-05
-1.03849e-05
-1.02426e-05
-1.00916e-05
-9.93925e-06
-9.79022e-06
-9.63993e-06
-9.48659e-06
-9.33345e-06
-9.17943e-06
-9.02981e-06
-8.87928e-06
-8.73287e-06
-8.58043e-06
-8.4296e-06
-8.27266e-06
-8.11744e-06
-7.96291e-06
-7.80899e-06
-7.65419e-06
-7.50399e-06
-7.35194e-06
-7.1987e-06
-7.04495e-06
-6.89223e-06
-6.7377e-06
-6.58556e-06
-6.43261e-06
-6.28641e-06
-6.13329e-06
-5.97773e-06
-5.82925e-06
-5.6802e-06
-5.52721e-06
-5.37549e-06
-5.2282e-06
-5.0774e-06
-4.92994e-06
-4.77834e-06
-4.63405e-06
-4.48635e-06
-4.33974e-06
-4.1963e-06
-4.0507e-06
-3.90312e-06
-3.75921e-06
-3.61648e-06
-3.46948e-06
-3.32628e-06
-3.1873e-06
-3.04532e-06
-2.90431e-06
-2.76834e-06
-2.63398e-06
-2.50109e-06
-2.36087e-06
-2.22144e-06
-2.08428e-06
-1.94951e-06
-1.81995e-06
-1.69589e-06
-1.56381e-06
-1.43049e-06
-1.29684e-06
-1.16903e-06
-1.04601e-06
-9.23874e-07
-8.04813e-07
-6.87232e-07
-5.73161e-07
-4.63083e-07
-3.50657e-07
-2.41482e-07
-1.35678e-07
-3.02145e-08
7.10276e-08
1.70065e-07
2.70616e-07
3.68047e-07
4.65192e-07
5.59023e-07
6.57573e-07
7.52281e-07
8.46314e-07
9.39976e-07
1.03462e-06
1.1283e-06
1.2185e-06
1.30843e-06
1.40064e-06
1.48922e-06
1.58431e-06
1.67556e-06
1.76632e-06
1.85646e-06
1.93664e-06
2.01697e-06
2.08948e-06
2.16524e-06
2.23782e-06
2.31153e-06
2.38848e-06
2.45636e-06
2.52124e-06
2.58282e-06
2.64245e-06
2.70042e-06
2.75951e-06
2.81092e-06
2.86086e-06
2.91206e-06
2.96196e-06
3.01384e-06
3.06934e-06
3.11715e-06
3.15772e-06
3.20188e-06
3.24376e-06
3.28811e-06
3.32485e-06
3.36318e-06
3.39899e-06
3.43308e-06
3.45896e-06
3.48596e-06
3.51194e-06
3.54074e-06
3.56155e-06
3.58254e-06
3.60463e-06
3.62529e-06
3.64558e-06
3.65992e-06
3.67311e-06
3.68456e-06
3.69688e-06
3.70632e-06
3.71192e-06
3.71727e-06
3.72617e-06
3.72781e-06
3.72997e-06
3.73006e-06
3.72947e-06
3.72376e-06
3.71417e-06
3.70809e-06
3.70167e-06
3.69042e-06
3.67699e-06
3.66324e-06
3.65222e-06
3.63757e-06
3.6162e-06
3.59715e-06
3.57802e-06
3.55247e-06
3.52579e-06
3.49989e-06
3.47436e-06
3.44729e-06
3.4156e-06
3.38732e-06
3.3574e-06
3.32182e-06
3.28445e-06
3.2451e-06
3.20974e-06
3.17566e-06
3.13639e-06
3.09529e-06
3.0549e-06
3.01499e-06
2.96961e-06
2.91907e-06
2.87024e-06
2.82249e-06
2.77837e-06
2.73436e-06
2.68542e-06
2.63818e-06
2.58636e-06
2.53564e-06
2.48541e-06
2.43121e-06
2.37922e-06
2.31763e-06
2.25908e-06
2.20285e-06
2.14599e-06
2.08695e-06
2.01991e-06
1.95496e-06
1.894e-06
1.83172e-06
1.77072e-06
1.71128e-06
1.64385e-06
1.57906e-06
1.50754e-06
1.43877e-06
1.37132e-06
1.30186e-06
1.23529e-06
1.1706e-06
1.10557e-06
1.04093e-06
9.75706e-07
9.0554e-07
8.37113e-07
7.70451e-07
6.94407e-07
6.17194e-07
5.41225e-07
4.63602e-07
3.86427e-07
3.12322e-07
2.33135e-07
1.56659e-07
7.84215e-08
2.38345e-09
-7.15367e-08
-1.47019e-07
-2.23644e-07
-3.01961e-07
-3.78559e-07
-4.51307e-07
-5.21421e-07
-5.94889e-07
-6.70344e-07
-7.49506e-07
-8.27144e-07
-9.07772e-07
-9.8607e-07
-1.06124e-06
-1.13541e-06
-1.21433e-06
-1.29667e-06
-1.37023e-06
-1.4417e-06
-1.51507e-06
-1.58526e-06
-1.65444e-06
-1.7269e-06
-1.80166e-06
-1.8803e-06
-1.95979e-06
-2.03996e-06
-2.11548e-06
-2.18762e-06
-2.25992e-06
-2.33382e-06
-2.40457e-06
-2.47871e-06
-2.55642e-06
-2.6335e-06
-2.70447e-06
-2.77238e-06
-2.84598e-06
-2.91876e-06
-2.98951e-06
-3.06014e-06
-3.12665e-06
-3.19802e-06
-3.22507e-06
-3.12028e-06
-2.87876e-06
-2.50384e-06
-2.00746e-06
-1.40582e-06
-7.08121e-07
6.9142e-08
9.24365e-07
1.83803e-06
2.80418e-06
3.82245e-06
4.8028e-06
5.73122e-06
6.60806e-06
7.44838e-06
8.2478e-06
9.00361e-06
9.72553e-06
1.042e-05
1.10695e-05
1.16939e-05
1.22809e-05
1.28377e-05
1.33623e-05
1.38572e-05
1.43232e-05
1.47659e-05
1.51795e-05
1.55551e-05
1.58926e-05
1.61955e-05
1.64596e-05
1.66993e-05
1.69095e-05
1.70941e-05
1.72511e-05
1.73828e-05
1.74839e-05
1.75558e-05
1.761e-05
1.76616e-05
1.77007e-05
1.77078e-05
1.76985e-05
1.76812e-05
1.76544e-05
1.76188e-05
1.75538e-05
1.74799e-05
1.74035e-05
1.73067e-05
1.72028e-05
1.7091e-05
1.69863e-05
1.68616e-05
1.67409e-05
1.66146e-05
1.64869e-05
1.63399e-05
1.61864e-05
1.60379e-05
1.58824e-05
1.57098e-05
1.55361e-05
1.53792e-05
1.52052e-05
1.50287e-05
1.4835e-05
1.46746e-05
1.45111e-05
1.4332e-05
1.41526e-05
1.39873e-05
1.38076e-05
1.36421e-05
1.34781e-05
1.33127e-05
1.31483e-05
1.29688e-05
1.2794e-05
1.26218e-05
1.247e-05
1.23053e-05
1.21403e-05
1.19913e-05
1.18392e-05
1.16959e-05
1.15559e-05
1.14042e-05
1.12566e-05
1.11185e-05
1.09746e-05
1.08295e-05
1.07072e-05
1.05825e-05
1.04657e-05
1.03373e-05
1.02256e-05
1.01089e-05
9.99195e-06
9.89089e-06
9.7957e-06
9.70407e-06
9.6139e-06
9.52031e-06
9.42776e-06
9.33918e-06
9.26885e-06
9.18963e-06
9.11662e-06
9.04757e-06
8.99196e-06
8.93659e-06
8.87827e-06
8.83151e-06
8.79054e-06
8.74073e-06
8.70222e-06
8.66106e-06
8.63557e-06
8.61381e-06
8.58459e-06
8.56691e-06
8.56077e-06
8.54625e-06
8.54095e-06
8.53704e-06
8.54158e-06
8.55144e-06
8.55945e-06
8.56354e-06
8.57542e-06
8.59378e-06
8.61406e-06
8.63398e-06
8.65314e-06
8.68846e-06
8.72668e-06
8.75731e-06
8.78716e-06
8.82964e-06
8.87526e-06
8.92299e-06
8.97047e-06
9.01651e-06
9.06963e-06
9.12464e-06
9.17287e-06
9.23013e-06
9.29277e-06
9.35919e-06
9.42441e-06
9.4862e-06
9.55257e-06
9.62654e-06
9.69284e-06
9.76493e-06
9.83618e-06
9.91468e-06
9.98694e-06
1.00634e-05
1.01319e-05
1.02068e-05
1.02891e-05
1.03641e-05
1.04392e-05
1.0519e-05
1.05955e-05
1.06772e-05
1.07665e-05
1.08585e-05
1.09439e-05
1.10213e-05
1.11082e-05
1.11962e-05
1.12826e-05
1.13741e-05
1.14577e-05
1.15412e-05
1.16277e-05
1.17074e-05
1.17932e-05
1.18719e-05
1.19596e-05
1.20467e-05
1.21325e-05
1.22127e-05
1.23017e-05
1.23886e-05
1.24728e-05
1.25527e-05
1.26371e-05
1.27241e-05
1.28094e-05
1.28865e-05
1.29562e-05
1.30317e-05
1.31064e-05
1.31926e-05
1.32778e-05
1.3355e-05
1.34336e-05
1.35101e-05
1.35784e-05
1.36499e-05
1.37163e-05
1.37892e-05
1.38664e-05
1.39435e-05
1.40123e-05
1.40827e-05
1.41501e-05
1.42176e-05
1.4282e-05
1.43379e-05
1.44027e-05
1.44636e-05
1.45178e-05
1.45695e-05
1.46266e-05
1.46757e-05
1.47294e-05
1.47747e-05
1.48175e-05
1.48647e-05
1.49049e-05
1.49373e-05
1.49844e-05
1.5032e-05
1.50778e-05
1.51164e-05
1.51564e-05
1.52049e-05
1.52504e-05
1.52976e-05
1.53365e-05
1.53825e-05
1.54233e-05
1.54667e-05
1.55068e-05
1.55476e-05
1.55854e-05
1.5615e-05
1.56454e-05
1.56823e-05
1.57197e-05
1.57564e-05
1.57943e-05
1.58317e-05
1.58688e-05
1.58974e-05
1.59264e-05
1.59611e-05
1.59825e-05
1.60045e-05
1.60194e-05
1.60361e-05
1.60569e-05
1.60804e-05
1.61019e-05
1.6117e-05
1.61406e-05
1.61669e-05
1.61909e-05
1.62164e-05
1.62337e-05
1.6253e-05
1.6264e-05
1.62802e-05
1.62886e-05
1.62959e-05
1.63103e-05
1.63265e-05
1.63423e-05
1.63504e-05
1.63689e-05
1.63856e-05
1.64001e-05
1.64066e-05
1.64058e-05
1.64117e-05
1.64114e-05
1.64126e-05
1.64228e-05
1.64316e-05
1.64441e-05
1.64544e-05
1.64638e-05
1.64643e-05
1.64686e-05
1.64654e-05
1.64552e-05
1.64607e-05
1.64681e-05
1.64696e-05
1.64712e-05
1.64691e-05
1.6466e-05
1.64566e-05
1.64402e-05
1.64395e-05
1.64396e-05
1.64428e-05
1.64391e-05
1.64432e-05
1.64402e-05
1.64329e-05
1.64283e-05
1.6417e-05
1.6408e-05
1.64092e-05
1.64046e-05
1.64017e-05
1.63927e-05
1.63986e-05
1.64053e-05
1.64047e-05
1.64001e-05
1.63884e-05
1.63767e-05
1.63654e-05
1.63486e-05
1.6344e-05
1.63429e-05
1.63408e-05
1.63433e-05
1.63323e-05
1.63194e-05
1.63123e-05
1.62988e-05
1.62967e-05
1.62879e-05
1.6286e-05
1.62834e-05
1.62755e-05
1.62739e-05
1.62601e-05
1.62454e-05
1.62257e-05
1.62068e-05
1.61961e-05
1.61852e-05
1.61691e-05
1.616e-05
1.61545e-05
1.61481e-05
1.6136e-05
1.61107e-05
1.60948e-05
1.60805e-05
1.60663e-05
1.60563e-05
1.604e-05
1.60241e-05
1.60093e-05
1.59939e-05
1.59855e-05
1.5979e-05
1.59737e-05
1.59701e-05
1.59533e-05
1.59357e-05
1.59178e-05
1.59011e-05
1.58779e-05
1.58628e-05
1.58465e-05
1.58308e-05
1.58169e-05
1.58043e-05
1.57925e-05
1.57823e-05
1.57722e-05
1.57639e-05
1.57585e-05
1.57508e-05
1.57311e-05
1.57096e-05
1.56824e-05
1.56561e-05
1.56379e-05
1.56138e-05
1.55967e-05
1.55772e-05
1.55528e-05
1.55353e-05
1.55126e-05
1.54919e-05
1.54698e-05
1.54553e-05
1.54434e-05
1.54254e-05
1.54148e-05
1.54053e-05
1.53905e-05
1.53762e-05
1.53599e-05
1.53499e-05
1.53347e-05
1.53115e-05
1.52886e-05
1.52673e-05
1.524e-05
1.52117e-05
1.5188e-05
1.51592e-05
1.51369e-05
1.51181e-05
1.50935e-05
1.50682e-05
1.50441e-05
1.50185e-05
1.49986e-05
1.49735e-05
1.49564e-05
1.49437e-05
1.49299e-05
1.49176e-05
1.49024e-05
1.48885e-05
1.48684e-05
1.48472e-05
1.48297e-05
1.48072e-05
1.47894e-05
1.47665e-05
1.47461e-05
1.4731e-05
1.47144e-05
1.46995e-05
1.46817e-05
1.46654e-05
1.46479e-05
1.46309e-05
1.46086e-05
1.45802e-05
1.45639e-05
1.45456e-05
1.45314e-05
1.45163e-05
1.45036e-05
1.44874e-05
1.44658e-05
1.44377e-05
1.4422e-05
1.44104e-05
1.44071e-05
1.44005e-05
1.43883e-05
1.43799e-05
1.43731e-05
1.43634e-05
1.43541e-05
1.43411e-05
1.43298e-05
1.43167e-05
1.43075e-05
1.4294e-05
1.42817e-05
1.42629e-05
1.42499e-05
1.4233e-05
1.42175e-05
1.41956e-05
1.41759e-05
1.41565e-05
1.41408e-05
1.41245e-05
1.4103e-05
1.40846e-05
1.40741e-05
1.40694e-05
1.40673e-05
1.40611e-05
1.40494e-05
1.40371e-05
1.40235e-05
1.40093e-05
1.39963e-05
1.39881e-05
1.39778e-05
1.39683e-05
1.39568e-05
1.39455e-05
1.39278e-05
1.39153e-05
1.38963e-05
1.38816e-05
1.38675e-05
1.3868e-05
1.38653e-05
1.38648e-05
1.38595e-05
1.38553e-05
1.38487e-05
1.38421e-05
1.38319e-05
1.38232e-05
1.38111e-05
1.37935e-05
1.3781e-05
1.37754e-05
1.37748e-05
1.37689e-05
1.37659e-05
1.3757e-05
1.37529e-05
1.37429e-05
1.3737e-05
1.37311e-05
1.37231e-05
1.37095e-05
1.36952e-05
1.36788e-05
1.36729e-05
1.36615e-05
1.36574e-05
1.36594e-05
1.36549e-05
1.36541e-05
1.36465e-05
1.36332e-05
1.36308e-05
1.36288e-05
1.36202e-05
1.36166e-05
1.36125e-05
1.36187e-05
1.36231e-05
1.36217e-05
1.36206e-05
1.36227e-05
1.36178e-05
1.36172e-05
1.36096e-05
1.36054e-05
1.35994e-05
1.35877e-05
1.35829e-05
1.35899e-05
1.3594e-05
1.35997e-05
1.36045e-05
1.36076e-05
1.36082e-05
1.36124e-05
1.36096e-05
1.36008e-05
1.35974e-05
1.36017e-05
1.36098e-05
1.36181e-05
1.36194e-05
1.36264e-05
1.36284e-05
1.36312e-05
1.36319e-05
1.36333e-05
1.36319e-05
1.36298e-05
1.36208e-05
1.36176e-05
1.36236e-05
1.36321e-05
1.36395e-05
1.36459e-05
1.36509e-05
1.36548e-05
1.36568e-05
1.36593e-05
1.36546e-05
1.36466e-05
1.36449e-05
1.3644e-05
1.36525e-05
1.36622e-05
1.36652e-05
1.36681e-05
1.36747e-05
1.36804e-05
1.36843e-05
1.36821e-05
1.36819e-05
1.36824e-05
1.36759e-05
1.36702e-05
1.36576e-05
1.36706e-05
1.36811e-05
1.36932e-05
1.37036e-05
1.37138e-05
1.37203e-05
1.37261e-05
1.37296e-05
1.37271e-05
1.37294e-05
1.37375e-05
1.37505e-05
1.37631e-05
1.37686e-05
1.37782e-05
1.37806e-05
1.37771e-05
1.37802e-05
1.37853e-05
1.37887e-05
1.37943e-05
1.37929e-05
1.37962e-05
1.37989e-05
1.37957e-05
1.38082e-05
1.38241e-05
1.38361e-05
1.38499e-05
1.38563e-05
1.38663e-05
1.38691e-05
1.38656e-05
1.38674e-05
1.38726e-05
1.3874e-05
1.38785e-05
1.38824e-05
1.38976e-05
1.39055e-05
1.39118e-05
1.39211e-05
1.3933e-05
1.39419e-05
1.39511e-05
1.39533e-05
1.39589e-05
1.39626e-05
1.39604e-05
1.39617e-05
1.39632e-05
1.3962e-05
1.39614e-05
1.39671e-05
1.39671e-05
1.39744e-05
1.39851e-05
1.39928e-05
1.39943e-05
1.40019e-05
1.40095e-05
1.40102e-05
1.4017e-05
1.40206e-05
1.4025e-05
1.40301e-05
1.40334e-05
1.40359e-05
1.40361e-05
1.40367e-05
1.40369e-05
1.40494e-05
1.4055e-05
1.40668e-05
1.40761e-05
1.4086e-05
1.40932e-05
1.40992e-05
1.41027e-05
1.41051e-05
1.41004e-05
1.41025e-05
1.41027e-05
1.41026e-05
1.41004e-05
1.41005e-05
1.40983e-05
1.40967e-05
1.40883e-05
1.40992e-05
1.41078e-05
1.41179e-05
1.41257e-05
1.41271e-05
1.41282e-05
1.41345e-05
1.4138e-05
1.41426e-05
1.41427e-05
1.41441e-05
1.41427e-05
1.41355e-05
1.41315e-05
1.41286e-05
1.41191e-05
1.41181e-05
1.41225e-05
1.4135e-05
1.41472e-05
1.41573e-05
1.41679e-05
1.41753e-05
1.41767e-05
1.41799e-05
1.41851e-05
1.41877e-05
1.4191e-05
1.41903e-05
1.41915e-05
1.41858e-05
1.41837e-05
1.41781e-05
1.41666e-05
1.41483e-05
1.4145e-05
1.41381e-05
1.41323e-05
1.41271e-05
1.41346e-05
1.41397e-05
1.41391e-05
1.41442e-05
1.41501e-05
1.41491e-05
1.41528e-05
1.41495e-05
1.41441e-05
1.4143e-05
1.41429e-05
1.41426e-05
1.41384e-05
1.41349e-05
1.41306e-05
1.41206e-05
1.41039e-05
1.40977e-05
1.40954e-05
1.41017e-05
1.4106e-05
1.41045e-05
1.41069e-05
1.41083e-05
1.41029e-05
1.41053e-05
1.41047e-05
1.41038e-05
1.41005e-05
1.40913e-05
1.40901e-05
1.4083e-05
1.40696e-05
1.40672e-05
1.40631e-05
1.40596e-05
1.40534e-05
1.4048e-05
1.40526e-05
1.40568e-05
1.40554e-05
1.40577e-05
1.40588e-05
1.40573e-05
1.40557e-05
1.40473e-05
1.4045e-05
1.4036e-05
1.40212e-05
1.40159e-05
1.40115e-05
1.40053e-05
1.40002e-05
1.39883e-05
1.39813e-05
1.39834e-05
1.39799e-05
1.39789e-05
1.39793e-05
1.39762e-05
1.39741e-05
1.39699e-05
1.39636e-05
1.39514e-05
1.39399e-05
1.39319e-05
1.39219e-05
1.39139e-05
1.39042e-05
1.3889e-05
1.38787e-05
1.38812e-05
1.3882e-05
1.38839e-05
1.38837e-05
1.38834e-05
1.38793e-05
1.38692e-05
1.38615e-05
1.38545e-05
1.3842e-05
1.38328e-05
1.38244e-05
1.38138e-05
1.38093e-05
1.37979e-05
1.37919e-05
1.37913e-05
1.37852e-05
1.3776e-05
1.37715e-05
1.37604e-05
1.37539e-05
1.37465e-05
1.37396e-05
1.37294e-05
1.37136e-05
1.37017e-05
1.36907e-05
1.36931e-05
1.36949e-05
1.36913e-05
1.36918e-05
1.36911e-05
1.36837e-05
1.36805e-05
1.36704e-05
1.36618e-05
1.36519e-05
1.36427e-05
1.36364e-05
1.36246e-05
1.36064e-05
1.36063e-05
1.36022e-05
1.36005e-05
1.3599e-05
1.35917e-05
1.35856e-05
1.35768e-05
1.35624e-05
1.35514e-05
1.35461e-05
1.35453e-05
1.35471e-05
1.35421e-05
1.35341e-05
1.35254e-05
1.35207e-05
1.35094e-05
1.3494e-05
1.34823e-05
1.34712e-05
1.34658e-05
1.34661e-05
1.34609e-05
1.34553e-05
1.34525e-05
1.34429e-05
1.34315e-05
1.34239e-05
1.34104e-05
1.34008e-05
1.33981e-05
1.3389e-05
1.33906e-05
1.33879e-05
1.33859e-05
1.33798e-05
1.33679e-05
1.3356e-05
1.3348e-05
1.33396e-05
1.33313e-05
1.33323e-05
1.33313e-05
1.33247e-05
1.33161e-05
1.33116e-05
1.33003e-05
1.32907e-05
1.32816e-05
1.32735e-05
1.32758e-05
1.32751e-05
1.32686e-05
1.32656e-05
1.32608e-05
1.32525e-05
1.32383e-05
1.32287e-05
1.32259e-05
1.32168e-05
1.32179e-05
1.32158e-05
1.3208e-05
1.32034e-05
1.31931e-05
1.31828e-05
1.31707e-05
1.31595e-05
1.31485e-05
1.31494e-05
1.31474e-05
1.31484e-05
1.31424e-05
1.31307e-05
1.31238e-05
1.31171e-05
1.31103e-05
1.31138e-05
1.31143e-05
1.3108e-05
1.31063e-05
1.31007e-05
1.30965e-05
1.30874e-05
1.30845e-05
1.3085e-05
1.30867e-05
1.30837e-05
1.30796e-05
1.30721e-05
1.30664e-05
1.30578e-05
1.3054e-05
1.30445e-05
1.30446e-05
1.30448e-05
1.30384e-05
1.30261e-05
1.30205e-05
1.30134e-05
1.30059e-05
1.30111e-05
1.30097e-05
1.30049e-05
1.30034e-05
1.29982e-05
1.29925e-05
1.29799e-05
1.29779e-05
1.29784e-05
1.29732e-05
1.29728e-05
1.29734e-05
1.29673e-05
1.29627e-05
1.29554e-05
1.29479e-05
1.29513e-05
1.29481e-05
1.2943e-05
1.29397e-05
1.29306e-05
1.29248e-05
1.29196e-05
1.29144e-05
1.29059e-05
1.29061e-05
1.29076e-05
1.29034e-05
1.28984e-05
1.28931e-05
1.28927e-05
1.28985e-05
1.28998e-05
1.28953e-05
1.28938e-05
1.28915e-05
1.28824e-05
1.28759e-05
1.28736e-05
1.28738e-05
1.28773e-05
1.28739e-05
1.28721e-05
1.28666e-05
1.28555e-05
1.28554e-05
1.28613e-05
1.28606e-05
1.28564e-05
1.28578e-05
1.28546e-05
1.28457e-05
1.28363e-05
1.28299e-05
1.28315e-05
1.28344e-05
1.28342e-05
1.28316e-05
1.2823e-05
1.28129e-05
1.2807e-05
1.281e-05
1.28076e-05
1.28097e-05
1.28059e-05
1.28037e-05
1.28036e-05
1.2803e-05
1.27983e-05
1.27995e-05
1.27975e-05
1.27995e-05
1.27956e-05
1.27858e-05
1.27869e-05
1.27823e-05
1.2771e-05
1.27743e-05
1.2771e-05
1.27652e-05
1.27591e-05
1.2756e-05
1.27522e-05
1.27559e-05
1.27613e-05
1.27636e-05
1.27663e-05
1.27656e-05
1.27699e-05
1.27681e-05
1.27692e-05
1.27745e-05
1.27769e-05
1.27732e-05
1.27666e-05
1.27631e-05
1.27586e-05
1.27585e-05
1.27592e-05
1.27597e-05
1.27616e-05
1.27566e-05
1.27605e-05
1.2768e-05
1.27695e-05
1.27696e-05
1.27665e-05
1.27655e-05
1.27586e-05
1.27584e-05
1.2754e-05
1.27526e-05
1.27517e-05
1.27488e-05
1.27452e-05
1.27455e-05
1.27455e-05
1.2741e-05
1.27485e-05
1.27487e-05
1.2743e-05
1.27336e-05
1.27325e-05
1.27352e-05
1.27438e-05
1.27455e-05
1.27455e-05
1.27446e-05
1.27424e-05
1.27421e-05
1.274e-05
1.27421e-05
1.27422e-05
1.27454e-05
1.27475e-05
1.27438e-05
1.27445e-05
1.27532e-05
1.27561e-05
1.27604e-05
1.2765e-05
1.27669e-05
1.2766e-05
1.27679e-05
1.2764e-05
1.27661e-05
1.27673e-05
1.27625e-05
1.27573e-05
1.2751e-05
1.27508e-05
1.27581e-05
1.27598e-05
1.27577e-05
1.27596e-05
1.27544e-05
1.27477e-05
1.27406e-05
1.27344e-05
1.27349e-05
1.27405e-05
1.27438e-05
1.27444e-05
1.27444e-05
1.27437e-05
1.27371e-05
1.27396e-05
1.27428e-05
1.27393e-05
1.27332e-05
1.27306e-05
1.27299e-05
1.27235e-05
1.27257e-05
1.27302e-05
1.2728e-05
1.27217e-05
1.27092e-05
1.27094e-05
1.27134e-05
1.27151e-05
1.2711e-05
1.27105e-05
1.271e-05
1.27053e-05
1.2708e-05
1.27047e-05
1.27027e-05
1.27044e-05
1.26992e-05
1.2692e-05
1.26864e-05
1.26922e-05
1.26952e-05
1.26915e-05
1.26861e-05
1.26738e-05
1.26677e-05
1.26653e-05
1.26692e-05
1.26699e-05
1.26712e-05
1.26667e-05
1.26623e-05
1.26572e-05
1.26542e-05
1.26559e-05
1.26506e-05
1.26396e-05
1.26372e-05
1.26316e-05
1.26275e-05
1.26256e-05
1.26298e-05
1.26327e-05
1.26299e-05
1.26275e-05
1.26182e-05
1.26094e-05
1.26114e-05
1.26132e-05
1.26134e-05
1.26134e-05
1.2609e-05
1.26041e-05
1.25996e-05
1.25909e-05
1.259e-05
1.25823e-05
1.25801e-05
1.25749e-05
1.2577e-05
1.25838e-05
1.25839e-05
1.25806e-05
1.25778e-05
1.25692e-05
1.25617e-05
1.25607e-05
1.25641e-05
1.25637e-05
1.25641e-05
1.25574e-05
1.25539e-05
1.25509e-05
1.25535e-05
1.25537e-05
1.25504e-05
1.25485e-05
1.25396e-05
1.25341e-05
1.25218e-05
1.25248e-05
1.25251e-05
1.25202e-05
1.25094e-05
1.25021e-05
1.24955e-05
1.24825e-05
1.2482e-05
1.24788e-05
1.24721e-05
1.24673e-05
1.2464e-05
1.24661e-05
1.24614e-05
1.2451e-05
1.24467e-05
1.24389e-05
1.24389e-05
1.2441e-05
1.24374e-05
1.24326e-05
1.24292e-05
1.24203e-05
1.24166e-05
1.24184e-05
1.24172e-05
1.2416e-05
1.24112e-05
1.24077e-05
1.24065e-05
1.23985e-05
1.23978e-05
1.23956e-05
1.23917e-05
1.23866e-05
1.23813e-05
1.23844e-05
1.23807e-05
1.23712e-05
1.23684e-05
1.23624e-05
1.236e-05
1.23611e-05
1.23564e-05
1.23525e-05
1.23427e-05
1.23347e-05
1.23333e-05
1.23262e-05
1.23255e-05
1.23231e-05
1.23162e-05
1.23156e-05
1.23079e-05
1.23067e-05
1.23089e-05
1.23044e-05
1.23002e-05
1.22971e-05
1.22885e-05
1.22844e-05
1.22735e-05
1.22631e-05
1.2255e-05
1.22534e-05
1.22541e-05
1.22547e-05
1.22494e-05
1.2242e-05
1.22286e-05
1.22209e-05
1.221e-05
1.22058e-05
1.22045e-05
1.2201e-05
1.21971e-05
1.22e-05
1.21961e-05
1.21905e-05
1.21891e-05
1.21822e-05
1.21819e-05
1.21843e-05
1.2181e-05
1.21764e-05
1.21659e-05
1.2156e-05
1.21576e-05
1.21595e-05
1.21579e-05
1.21566e-05
1.21492e-05
1.21455e-05
1.21492e-05
1.21463e-05
1.21451e-05
1.21369e-05
1.21322e-05
1.21273e-05
1.21217e-05
1.21168e-05
1.21052e-05
1.20976e-05
1.21011e-05
1.21011e-05
1.20999e-05
1.20949e-05
1.20875e-05
1.20819e-05
1.20706e-05
1.20695e-05
1.20664e-05
1.20576e-05
1.20562e-05
1.20606e-05
1.20592e-05
1.20542e-05
1.20431e-05
1.20386e-05
1.20315e-05
1.20317e-05
1.20261e-05
1.20215e-05
1.20164e-05
1.20197e-05
1.20209e-05
1.20164e-05
1.20135e-05
1.20036e-05
1.20016e-05
1.20025e-05
1.20033e-05
1.20012e-05
1.19922e-05
1.19882e-05
1.19908e-05
1.19877e-05
1.19812e-05
1.19687e-05
1.19623e-05
1.19521e-05
1.19456e-05
1.19414e-05
1.19353e-05
1.19375e-05
1.19485e-05
1.19574e-05
1.1969e-05
1.19803e-05
1.20044e-05
1.20344e-05
1.20618e-05
1.20908e-05
1.21246e-05
1.21616e-05
1.2198e-05
1.224e-05
1.22823e-05
1.23259e-05
1.23723e-05
1.24238e-05
1.24834e-05
1.25409e-05
1.25999e-05
1.26576e-05
1.27133e-05
1.27704e-05
1.28278e-05
1.28914e-05
1.29493e-05
1.30035e-05
1.30548e-05
1.31039e-05
1.31528e-05
1.31931e-05
1.32438e-05
1.32862e-05
1.33279e-05
1.33689e-05
1.3402e-05
1.34322e-05
1.34745e-05
1.35207e-05
1.3564e-05
1.35996e-05
1.36397e-05
1.36764e-05
1.37059e-05
1.3741e-05
1.37759e-05
1.38025e-05
1.38346e-05
1.38619e-05
1.3894e-05
1.3932e-05
1.39689e-05
1.39976e-05
1.40191e-05
1.40473e-05
1.40735e-05
1.41063e-05
1.41323e-05
1.41648e-05
1.41958e-05
1.42198e-05
1.4245e-05
1.42753e-05
1.42978e-05
1.43193e-05
1.43466e-05
1.43728e-05
1.43978e-05
1.44234e-05
1.44597e-05
1.44952e-05
1.45318e-05
1.45605e-05
1.45929e-05
1.46258e-05
1.46513e-05
1.46821e-05
1.47043e-05
1.47254e-05
1.4754e-05
1.47742e-05
1.47996e-05
1.48239e-05
1.48408e-05
1.48639e-05
1.48797e-05
1.48991e-05
1.49259e-05
1.49533e-05
1.49813e-05
1.5009e-05
1.50347e-05
1.50625e-05
1.50825e-05
1.5094e-05
1.51183e-05
1.51425e-05
1.51654e-05
1.51879e-05
1.52132e-05
1.52378e-05
1.52541e-05
1.52629e-05
1.52881e-05
1.53117e-05
1.53395e-05
1.5367e-05
1.5393e-05
1.54153e-05
1.54296e-05
1.54363e-05
1.54614e-05
1.54827e-05
1.5498e-05
1.55123e-05
1.55289e-05
1.55461e-05
1.55559e-05
1.55644e-05
1.55825e-05
1.55934e-05
1.56087e-05
1.56287e-05
1.56412e-05
1.56533e-05
1.56636e-05
1.56854e-05
1.5706e-05
1.57284e-05
1.57516e-05
1.57737e-05
1.57949e-05
1.58204e-05
1.58383e-05
1.58451e-05
1.58541e-05
1.58636e-05
1.58704e-05
1.58803e-05
1.58915e-05
1.59024e-05
1.59054e-05
1.59098e-05
1.59169e-05
1.59305e-05
1.5946e-05
1.59632e-05
1.5972e-05
1.59877e-05
1.59896e-05
1.59836e-05
1.59917e-05
1.60007e-05
1.60103e-05
1.60243e-05
1.60317e-05
1.60389e-05
1.60575e-05
1.60692e-05
1.6091e-05
1.61096e-05
1.61323e-05
1.61495e-05
1.61587e-05
1.61698e-05
1.61734e-05
1.61777e-05
1.61955e-05
1.62145e-05
1.62337e-05
1.62537e-05
1.62662e-05
1.62873e-05
1.63e-05
1.63059e-05
1.63165e-05
1.63244e-05
1.63324e-05
1.63443e-05
1.63489e-05
1.63623e-05
1.63684e-05
1.63672e-05
1.6383e-05
1.63922e-05
1.63957e-05
1.6399e-05
1.63944e-05
1.63904e-05
1.63793e-05
1.63877e-05
1.63953e-05
1.64069e-05
1.64114e-05
1.64176e-05
1.64203e-05
1.64155e-05
1.6411e-05
1.64122e-05
1.64153e-05
1.64119e-05
1.6408e-05
1.64053e-05
1.64135e-05
1.64085e-05
1.64023e-05
1.63992e-05
1.6389e-05
1.63874e-05
1.63782e-05
1.63719e-05
1.63727e-05
1.63717e-05
1.63744e-05
1.63731e-05
1.63645e-05
1.63482e-05
1.63406e-05
1.63321e-05
1.63166e-05
1.6304e-05
1.63009e-05
1.62919e-05
1.62886e-05
1.62723e-05
1.62589e-05
1.62391e-05
1.62271e-05
1.62169e-05
1.62093e-05
1.61946e-05
1.61908e-05
1.61865e-05
1.6183e-05
1.61769e-05
1.6174e-05
1.61582e-05
1.61417e-05
1.61241e-05
1.61098e-05
1.60968e-05
1.60779e-05
1.60646e-05
1.60547e-05
1.6039e-05
1.60235e-05
1.60154e-05
1.60053e-05
1.59896e-05
1.59684e-05
1.59499e-05
1.59327e-05
1.59103e-05
1.58957e-05
1.58832e-05
1.58716e-05
1.58613e-05
1.58488e-05
1.58386e-05
1.5829e-05
1.58174e-05
1.58091e-05
1.57884e-05
1.57659e-05
1.57426e-05
1.57227e-05
1.57032e-05
1.56846e-05
1.56597e-05
1.56366e-05
1.5618e-05
1.55941e-05
1.55699e-05
1.55572e-05
1.55456e-05
1.55347e-05
1.55204e-05
1.55005e-05
1.54919e-05
1.54832e-05
1.54736e-05
1.54638e-05
1.54561e-05
1.54406e-05
1.54153e-05
1.53932e-05
1.53654e-05
1.53442e-05
1.5323e-05
1.53037e-05
1.52852e-05
1.52603e-05
1.52404e-05
1.52217e-05
1.51982e-05
1.51803e-05
1.51652e-05
1.51518e-05
1.51376e-05
1.51217e-05
1.51083e-05
1.50894e-05
1.50651e-05
1.50504e-05
1.50347e-05
1.50195e-05
1.50062e-05
1.49877e-05
1.49747e-05
1.49562e-05
1.49402e-05
1.49299e-05
1.49174e-05
1.49073e-05
1.48955e-05
1.4882e-05
1.48691e-05
1.48584e-05
1.48424e-05
1.48266e-05
1.48139e-05
1.4796e-05
1.4785e-05
1.47755e-05
1.47599e-05
1.47444e-05
1.47277e-05
1.47094e-05
1.46901e-05
1.46721e-05
1.46585e-05
1.46455e-05
1.4628e-05
1.46182e-05
1.46032e-05
1.45947e-05
1.45826e-05
1.45729e-05
1.45576e-05
1.45427e-05
1.45317e-05
1.45145e-05
1.44921e-05
1.44831e-05
1.44726e-05
1.446e-05
1.44506e-05
1.44359e-05
1.44247e-05
1.44071e-05
1.43956e-05
1.43849e-05
1.43725e-05
1.4367e-05
1.43702e-05
1.43682e-05
1.43715e-05
1.4369e-05
1.43616e-05
1.43603e-05
1.43589e-05
1.4357e-05
1.43555e-05
1.43547e-05
1.43522e-05
1.43441e-05
1.43338e-05
1.43299e-05
1.43248e-05
1.43198e-05
1.43113e-05
1.42973e-05
1.42848e-05
1.42766e-05
1.42686e-05
1.42603e-05
1.42532e-05
1.42457e-05
1.42386e-05
1.42329e-05
1.42218e-05
1.42202e-05
1.42236e-05
1.42253e-05
1.42305e-05
1.42298e-05
1.42331e-05
1.42339e-05
1.4228e-05
1.42161e-05
1.42143e-05
1.42127e-05
1.42045e-05
1.41948e-05
1.41932e-05
1.41916e-05
1.41836e-05
1.41738e-05
1.41724e-05
1.41661e-05
1.41587e-05
1.4152e-05
1.41595e-05
1.41697e-05
1.41741e-05
1.41757e-05
1.41832e-05
1.41847e-05
1.41905e-05
1.41891e-05
1.41871e-05
1.41889e-05
1.41884e-05
1.41875e-05
1.41806e-05
1.41677e-05
1.41678e-05
1.41611e-05
1.41618e-05
1.41565e-05
1.4153e-05
1.41567e-05
1.41537e-05
1.41571e-05
1.41628e-05
1.41676e-05
1.41722e-05
1.4185e-05
1.41961e-05
1.42071e-05
1.42108e-05
1.42109e-05
1.42159e-05
1.42202e-05
1.42221e-05
1.42266e-05
1.4225e-05
1.42269e-05
1.4228e-05
1.42219e-05
1.42234e-05
1.42232e-05
1.42279e-05
1.42394e-05
1.42516e-05
1.42576e-05
1.4257e-05
1.42668e-05
1.42788e-05
1.42908e-05
1.42985e-05
1.42986e-05
1.43066e-05
1.43082e-05
1.43061e-05
1.43042e-05
1.43093e-05
1.43082e-05
1.43081e-05
1.43129e-05
1.43129e-05
1.43067e-05
1.42942e-05
1.42953e-05
1.4296e-05
1.42985e-05
1.43e-05
1.43017e-05
1.43156e-05
1.43229e-05
1.4324e-05
1.43375e-05
1.43479e-05
1.43612e-05
1.4374e-05
1.43802e-05
1.43844e-05
1.43956e-05
1.44002e-05
1.44096e-05
1.44123e-05
1.44173e-05
1.44221e-05
1.44205e-05
1.44249e-05
1.44284e-05
1.44257e-05
1.443e-05
1.44332e-05
1.44335e-05
1.44361e-05
1.44324e-05
1.44286e-05
1.44284e-05
1.44312e-05
1.444e-05
1.44554e-05
1.44697e-05
1.44868e-05
1.44971e-05
1.45094e-05
1.45183e-05
1.45206e-05
1.45242e-05
1.45278e-05
1.45334e-05
1.45429e-05
1.45459e-05
1.45537e-05
1.4559e-05
1.45566e-05
1.45629e-05
1.45677e-05
1.45727e-05
1.45769e-05
1.45745e-05
1.45741e-05
1.45791e-05
1.45789e-05
1.45724e-05
1.45682e-05
1.45693e-05
1.45695e-05
1.45734e-05
1.4571e-05
1.45742e-05
1.45745e-05
1.45686e-05
1.45694e-05
1.45638e-05
1.45623e-05
1.45628e-05
1.45568e-05
1.45504e-05
1.455e-05
1.45525e-05
1.45553e-05
1.45583e-05
1.45711e-05
1.45852e-05
1.45929e-05
1.45939e-05
1.46043e-05
1.46179e-05
1.46313e-05
1.4638e-05
1.46423e-05
1.46501e-05
1.46573e-05
1.46626e-05
1.46678e-05
1.46715e-05
1.46775e-05
1.4677e-05
1.46752e-05
1.46738e-05
1.46752e-05
1.46764e-05
1.46764e-05
1.46757e-05
1.46784e-05
1.46747e-05
1.46693e-05
1.46632e-05
1.46572e-05
1.46565e-05
1.46574e-05
1.46569e-05
1.46581e-05
1.46607e-05
1.4662e-05
1.46608e-05
1.46617e-05
1.46624e-05
1.46588e-05
1.46542e-05
1.4654e-05
1.46522e-05
1.46486e-05
1.46376e-05
1.46342e-05
1.46307e-05
1.46211e-05
1.46113e-05
1.46095e-05
1.4608e-05
1.46052e-05
1.45954e-05
1.45793e-05
1.45766e-05
1.45727e-05
1.45631e-05
1.45579e-05
1.45606e-05
1.457e-05
1.45732e-05
1.45817e-05
1.45918e-05
1.45956e-05
1.46035e-05
1.46091e-05
1.46146e-05
1.46179e-05
1.46146e-05
1.46172e-05
1.46203e-05
1.46172e-05
1.46211e-05
1.46217e-05
1.46226e-05
1.4623e-05
1.46172e-05
1.46096e-05
1.46001e-05
1.4593e-05
1.45901e-05
1.45871e-05
1.45773e-05
1.45717e-05
1.45645e-05
1.45592e-05
1.45467e-05
1.4533e-05
1.45293e-05
1.45249e-05
1.45192e-05
1.45074e-05
1.44999e-05
1.44941e-05
1.44886e-05
1.4486e-05
1.44817e-05
1.44769e-05
1.44641e-05
1.4452e-05
1.44476e-05
1.44375e-05
1.44333e-05
1.44252e-05
1.44325e-05
1.44378e-05
1.44437e-05
1.44497e-05
1.44538e-05
1.44515e-05
1.44512e-05
1.44432e-05
1.44333e-05
1.44324e-05
1.44257e-05
1.44224e-05
1.4421e-05
1.44138e-05
1.44126e-05
1.4408e-05
1.43975e-05
1.43924e-05
1.43877e-05
1.43828e-05
1.43721e-05
1.43685e-05
1.43641e-05
1.43591e-05
1.43495e-05
1.43442e-05
1.43373e-05
1.433e-05
1.43156e-05
1.4313e-05
1.43045e-05
1.42903e-05
1.42902e-05
1.42926e-05
1.42951e-05
1.4297e-05
1.42955e-05
1.42979e-05
1.42942e-05
1.42846e-05
1.42832e-05
1.42772e-05
1.42719e-05
1.42684e-05
1.4259e-05
1.42516e-05
1.42382e-05
1.42278e-05
1.42212e-05
1.42135e-05
1.42081e-05
1.42015e-05
1.41933e-05
1.41896e-05
1.41798e-05
1.41643e-05
1.41691e-05
1.41738e-05
1.41733e-05
1.41749e-05
1.41756e-05
1.41757e-05
1.41684e-05
1.41696e-05
1.4167e-05
1.41639e-05
1.41566e-05
1.41513e-05
1.41457e-05
1.41396e-05
1.41317e-05
1.41168e-05
1.41009e-05
1.40944e-05
1.40983e-05
1.4099e-05
1.4094e-05
1.40946e-05
1.40889e-05
1.40819e-05
1.4069e-05
1.40701e-05
1.40706e-05
1.40676e-05
1.40622e-05
1.40591e-05
1.405e-05
1.40457e-05
1.40395e-05
1.40344e-05
1.40285e-05
1.40263e-05
1.4017e-05
1.40221e-05
1.40214e-05
1.40233e-05
1.40239e-05
1.40222e-05
1.40215e-05
1.40212e-05
1.4015e-05
1.40086e-05
1.40036e-05
1.39927e-05
1.3984e-05
1.39733e-05
1.39662e-05
1.39592e-05
1.39529e-05
1.39547e-05
1.39494e-05
1.39384e-05
1.39412e-05
1.39437e-05
1.39433e-05
1.39448e-05
1.39431e-05
1.3939e-05
1.39275e-05
1.39098e-05
1.39053e-05
1.38996e-05
1.38936e-05
1.38845e-05
1.38819e-05
1.38855e-05
1.38832e-05
1.38737e-05
1.38774e-05
1.3877e-05
1.38764e-05
1.3874e-05
1.38731e-05
1.38682e-05
1.38633e-05
1.38594e-05
1.38483e-05
1.38417e-05
1.38411e-05
1.38462e-05
1.38492e-05
1.3852e-05
1.38483e-05
1.38502e-05
1.3851e-05
1.38478e-05
1.3846e-05
1.38432e-05
1.38342e-05
1.38251e-05
1.38176e-05
1.38109e-05
1.38086e-05
1.38111e-05
1.38078e-05
1.3811e-05
1.38131e-05
1.38122e-05
1.38081e-05
1.37979e-05
1.37917e-05
1.37838e-05
1.37784e-05
1.37671e-05
1.37581e-05
1.37504e-05
1.37491e-05
1.37499e-05
1.37548e-05
1.37594e-05
1.37617e-05
1.37617e-05
1.37635e-05
1.37603e-05
1.3756e-05
1.3744e-05
1.37398e-05
1.37348e-05
1.37303e-05
1.37263e-05
1.37191e-05
1.37223e-05
1.37238e-05
1.37195e-05
1.37139e-05
1.37157e-05
1.3717e-05
1.37169e-05
1.37147e-05
1.37102e-05
1.36992e-05
1.36875e-05
1.3686e-05
1.369e-05
1.36945e-05
1.3699e-05
1.37026e-05
1.37012e-05
1.36938e-05
1.36801e-05
1.3676e-05
1.367e-05
1.36631e-05
1.36579e-05
1.36591e-05
1.36648e-05
1.36633e-05
1.36607e-05
1.36652e-05
1.3669e-05
1.36694e-05
1.36636e-05
1.36626e-05
1.36587e-05
1.36549e-05
1.36489e-05
1.36434e-05
1.36402e-05
1.36474e-05
1.36513e-05
1.36539e-05
1.36552e-05
1.36552e-05
1.36551e-05
1.36526e-05
1.365e-05
1.36412e-05
1.36363e-05
1.36333e-05
1.36383e-05
1.36429e-05
1.36466e-05
1.36427e-05
1.36463e-05
1.36437e-05
1.36401e-05
1.36346e-05
1.36248e-05
1.36139e-05
1.36025e-05
1.36041e-05
1.35984e-05
1.35986e-05
1.36018e-05
1.36025e-05
1.35996e-05
1.35946e-05
1.35912e-05
1.35915e-05
1.35859e-05
1.35778e-05
1.35762e-05
1.35845e-05
1.35871e-05
1.3588e-05
1.35946e-05
1.35948e-05
1.35946e-05
1.35905e-05
1.35856e-05
1.35772e-05
1.35693e-05
1.35689e-05
1.35672e-05
1.35771e-05
1.35808e-05
1.35842e-05
1.35813e-05
1.35771e-05
1.35749e-05
1.35704e-05
1.35648e-05
1.35594e-05
1.35517e-05
1.35524e-05
1.35503e-05
1.35522e-05
1.3553e-05
1.35545e-05
1.35539e-05
1.35535e-05
1.35562e-05
1.35529e-05
1.35477e-05
1.35407e-05
1.3543e-05
1.35543e-05
1.35648e-05
1.35711e-05
1.35732e-05
1.35725e-05
1.35711e-05
1.35669e-05
1.35623e-05
1.35553e-05
1.35462e-05
1.35458e-05
1.35451e-05
1.35451e-05
1.3545e-05
1.35469e-05
1.35427e-05
1.3547e-05
1.3548e-05
1.35474e-05
1.35405e-05
1.35385e-05
1.35357e-05
1.35324e-05
1.35381e-05
1.35427e-05
1.35469e-05
1.35485e-05
1.35529e-05
1.3551e-05
1.35488e-05
1.35427e-05
1.35436e-05
1.3545e-05
1.35439e-05
1.35435e-05
1.35425e-05
1.35449e-05
1.35448e-05
1.35443e-05
1.35414e-05
1.35403e-05
1.35382e-05
1.35298e-05
1.35318e-05
1.35418e-05
1.35503e-05
1.35582e-05
1.3563e-05
1.35601e-05
1.35612e-05
1.35607e-05
1.35606e-05
1.35585e-05
1.3558e-05
1.35579e-05
1.35556e-05
1.35546e-05
1.35561e-05
1.35513e-05
1.35477e-05
1.35491e-05
1.35434e-05
1.35365e-05
1.35317e-05
1.3526e-05
1.35206e-05
1.35255e-05
1.35323e-05
1.35387e-05
1.35429e-05
1.35417e-05
1.35341e-05
1.35271e-05
1.35217e-05
1.35105e-05
1.34996e-05
1.34957e-05
1.35024e-05
1.35087e-05
1.35076e-05
