10467
8252
5075
4682
4554
4768
4463
4648
4378
4433
4811
4490
4459
4676
4299
4736
5797
4409
5640
4677
4665
4595
4985
4771
6492
4553
5162
4667
4703
5472
4979
4669
4525
5109
4972
4476
4848
4627
4892
4821
4942
4798
4405
4658
5146
14184
5191
4569
4753
4512
4808
4608
4816
12764
5041
4861
4626
4315
4608
4790
4476
4874
5858
5116
4821
4956
5573
4773
4959
4868
5135
4783
5035
4626
4864
4794
5061
5571
6441
5141
4751
4469
4746
4709
12585
11782
6688
4851
5045
4509
12886
12971
13112
12665
12660
13583
7794
4295
13714
8188
4586
4356
6605
4883
11987
9983
12520
4845
4767
4593
4582
4818
4519
5089
4469
4805
4497
14007
12885
14152
5241
4826
6328
4966
4846
5230
5345
4671
5163
4470
5020
5306
4531
4855
5295
4915
4573
4931
5159
4844
14409
12915
5235
4620
5051
11846
12634
12783
13028
14197
4945
11599
5067
4738
12759
4631
12951
12429
6364
4829
5830
4872
4579
5861
4989
4692
4470
5031
4649
4510
5025
4784
4506
5084
4845
4543
4893
7577
5335
8545
7660
4735
4564
8587
4478
5076
4619
4721
4844
4973
4883
4954
4856
4992
4806
4986
4597
4736
4573
5011
4601
4620
4690
5008
4768
4615
9836
12129
12134
13697
12090
4402
4664
4888
13133
8476
4472
4710
4831
4606
4255
5145
4538
4616
4800
7154
6407
4879
5078
4401
5031
4459
12900
12888
12786
5869
4817
4731
4397
5154
4634
4674
4944
5116
4985
4932
5193
4575
7947
12893
13072
8869
4652
12535
6610
4754
4548
5185
4457
4665
4769
4606
11739
4806
4909
4662
4476
13029
5097
4905
4747
4629
5015
4522
9717
13578
7699
5042
4558
5870
4398
5073
4934
4643
4769
4673
5358
4655
4961
4597
5388
4956
4514
5096
4476
4785
5168
4950
4965
4554
4991
4633
4975
4824
4644
4718
4500
4776
4929
4761
4762
4887
4906
4506
5146
5392
4677
4917
4564
4832
4867
4798
4784
4594
4883
4693
4917
4869
4712
4944
4556
4780
4984
5294
4542
4511
4932
4569
4968
4768
4698
4859
4674
4740
5033
4898
4665
4912
4668
4485
5065
5315
4583
4670
4422
4681
4553
4672
4825
4592
5012
4536
5195
4490
4748
5374
4590
4753
4908
5052
4657
4790
4817
4622
4929
4571
4871
4638
4649
4587
4981
4768
12867
13595
4625
8094
6920
4598
4787
4409
4688
4309
4750
12524
6687
4722
4566
4763
4445
4690
4394
13185
4532
4776
5668
4546
12941
12913
5465
10404
4580
5024
4772
4907
12366
13273
5605
12319
6752
13314
8235
4582
13593
11578
4670
4350
4452
4783
4434
4801
4498
4520
4747
4461
4965
4369
4578
5035
4384
4576
4314
4779
4552
4262
4933
4545
4799
4508
4539
4833
12645
4853
13338
4312
4478
4977
4722
10101
4944
4998
4536
4621
4553
7595
4920
4439
4749
4571
4749
4885
4845
4770
12849
13325
12577
6037
13386
4703
4881
4553
10973
4662
4593
9252
4774
11643
4677
4859
5001
4963
9778
6313
11276
4637
5105
4806
4493
5057
4740
4793
4824
4909
5425
4609
8292
4569
4899
4731
4565
5202
4810
13448
9006
4464
4666
4556
4446
5088
7159
5881
8447
4588
4434
4481
4338
11088
12531
6289
4546
4696
4934
4471
4589
10675
4261
4574
4536
4573
4267
4578
4576
4433
4832
8489
10802
4915
4362
4531
4818
4910
4338
4607
4563
4451
4639
4348
4467
4331
4492
4779
4504
4756
4538
5465
4497
4699
4689
4664
4519
4514
4317
4456
4497
4434
4513
4531
4537
4654
4382
4482
11323
13394
12318
12475
13759
4971
4768
4489
4452
4584
10164
4492
4536
10448
4687
6645
8447
4228
4724
6478
4675
4335
7613
5220
12726
7801
4533
4566
5560
4441
12396
9183
8157
7470
4860
4551
12308
13309
12540
12382
12014
11754
4609
12681
11351
4748
4380
4415
4574
4388
4582
4428
4979
12498
11967
6926
4344
4638
4862
5018
4507
4730
4988
4512
4581
4531
4718
4574
4794
4834
4949
4872
4549
4693
4742
4377
5010
4650
4425
4184
4368
4449
4394
4403
4279
4438
4349
4639
4613
4660
4606
4904
4217
4392
4710
4753
4201
4498
4399
4225
4440
4153
4453
4288
4444
4321
4791
4459
5065
4745
4349
4486
5193
4948
4415
4389
4232
10907
7093
4452
4485
7746
12471
12009
11019
4295
4596
4770
4286
4279
4423
4667
4134
4423
5034
8827
4632
4427
4579
4367
4556
4407
4956
4323
4334
4546
4515
4276
4510
4657
4311
4301
4351
10749
6683
4727
4367
4395
11469
6089
4313
4224
4381
4768
4264
4622
4589
4590
4594
4474
9872
4340
4315
11738
4757
4919
4639
4757
4991
4583
4548
4521
6234
4139
4937
10890
8722
4830
10205
9217
4495
4333
4818
4307
4454
4602
4638
6791
4299
4942
4604
4314
4586
4709
4380
4466
4164
4416
7441
4361
5104
5226
4421
4623
4495
4467
4434
5071
4359
4270
4931
4777
4270
4285
4629
4471
11969
10904
10752
11913
11462
4405
4771
4210
4368
4609
4349
4265
4686
4536
4406
4413
4219
4331
4350
4327
4571
4337
4589
4495
11738
10570
4156
4753
4257
4468
4639
4304
10641
7944
4555
4679
4408
4407
4485
4330
4564
4396
4532
4318
4114
4828
4277
4317
4965
4567
4389
4167
4560
4540
4537
4630
4243
4436
4167
4533
4982
4450
4418
4929
4546
4360
5081
4629
4635
4441
4620
4471
4531
4552
4381
4699
4336
4664
4880
4525
4336
4670
4396
4464
4752
4838
4477
4541
4319
4546
4633
4443
6262
10840
4331
4469
4251
4276
4491
4711
4611
4360
5044
4602
4760
4514
4424
4395
4501
4497
4600
4223
4453
4285
4889
4282
4281
4893
4850
11832
12481
11739
4707
5137
4694
12649
8013
4448
4437
4688
4533
4735
5088
4718
4500
5056
4579
4471
4690
4959
4478
4649
4487
4801
4863
4956
4789
4431
4530
4614
4757
4536
4454
4600
4468
4319
4748
4501
4408
4449
4509
4348
4610
4404
4572
6077
4754
4089
5279
5210
4599
4925
4611
4884
4767
7857
11478
6388
4747
4423
9892
4578
4771
4264
4737
4572
8288
4604
11383
4901
4211
4473
4731
4913
8414
4397
4649
4370
4805
4259
4168
4511
4413
4512
7041
4411
4602
4645
4500
4505
5095
4717
4609
4746
4687
4373
4751
4613
4629
4740
4817
4600
4888
4595
4903
4954
4620
5014
4794
4876
4511
4443
4757
4655
4451
4660
4729
4438
4524
4511
4541
4720
4634
4809
4557
5618
4969
4959
